Timestamp,Umidade,Temp1,Temp2
2025/12/05 12:20:55;74,00;33,24;36,69
2025/12/05 12:25:56;75,00;34,21;36,69
2025/12/05 12:40:34;76,00;34,70;37,18
2025/12/05 12:45:35;76,00;34,21;36,69
2025/12/05 12:50:36;77,00;33,72;36,20
2025/12/05 12:55:37;77,00;34,21;36,20
2025/12/05 13:00:38;77,00;34,21;36,69
2025/12/05 13:05:40;77,00;34,70;36,69
2025/12/05 13:10:41;77,00;34,70;36,69
2025/12/05 13:15:42;77,00;33,72;36,20
2025/12/05 13:20:43;77,00;32,75;34,74
2025/12/05 13:25:44;77,00;33,24;35,71
2025/12/05 13:30:45;76,00;31,28;32,78
2025/12/05 13:35:46;76,00;32,26;33,76
2025/12/05 13:40:47;76,00;31,28;32,78
2025/12/05 13:45:49;76,00;30,79;32,29
2025/12/05 13:50:50;76,00;33,72;36,20
2025/12/05 13:55:51;76,00;32,75;34,25
2025/12/05 14:00:52;76,00;35,19;37,67
2025/12/05 14:05:53;76,00;35,19;37,18
2025/12/05 14:10:54;76,00;34,21;37,18
2025/12/05 14:15:56;76,00;32,75;35,22
2025/12/05 14:20:57;76,00;31,28;33,27
2025/12/05 14:25:58;76,00;31,77;33,76
2025/12/05 14:30:59;76,00;33,24;35,22
2025/12/05 14:35:30;75,00;32,26;33,76
2025/12/05 14:40:31;75,00;30,79;32,29
2025/12/05 14:45:33;74,00;30,79;31,80
2025/12/05 14:50:34;74,00;32,26;34,25
2025/12/05 14:55:35;74,00;33,24;35,71
2025/12/05 15:00:36;74,00;31,28;32,78
2025/12/05 15:05:37;73,00;32,75;34,74
2025/12/05 15:10:39;74,00;34,70;37,67
2025/12/05 15:15:40;74,00;35,68;38,16
2025/12/05 15:20:41;74,00;33,72;35,71
2025/12/05 15:25:42;74,00;33,24;35,22
2025/12/05 15:30:43;74,00;34,70;37,67
2025/12/05 15:35:44;74,00;34,70;37,67
2025/12/05 15:40:46;74,00;35,68;39,13
2025/12/05 15:45:47;75,00;36,17;39,62
2025/12/05 15:50:48;74,00;36,17;39,62
2025/12/05 15:55:49;75,00;35,68;39,13
2025/12/05 16:00:50;75,00;36,17;40,11
2025/12/05 16:05:51;75,00;36,17;40,11
2025/12/05 16:10:53;75,00;36,66;40,60
2025/12/05 16:15:54;76,00;36,66;41,09
2025/12/05 16:20:55;76,00;36,66;40,60
2025/12/05 16:25:56;76,00;34,70;38,16
2025/12/05 16:30:57;75,00;34,21;37,18
2025/12/05 16:35:58;75,00;33,72;36,20
2025/12/05 16:45:31;74,00;32,26;34,25
2025/12/05 16:50:32;73,00;31,77;33,27
2025/12/05 16:55:33;73,00;31,28;32,78
2025/12/05 17:00:34;73,00;31,77;32,29
2025/12/05 17:05:36;72,00;31,28;31,80
2025/12/05 17:10:37;72,00;30,79;31,80
2025/12/05 17:15:38;71,00;30,79;31,31
2025/12/05 17:20:40;71,00;30,30;30,83
2025/12/05 17:25:41;71,00;30,30;30,34
2025/12/05 17:30:42;70,00;30,30;30,34
2025/12/05 17:35:43;70,00;29,81;29,85
2025/12/05 17:40:45;69,00;29,81;29,85
2025/12/05 17:45:46;69,00;30,30;30,34
2025/12/05 17:50:47;69,00;31,77;32,29
2025/12/05 17:55:48;69,00;32,75;32,29
2025/12/05 18:00:50;69,00;31,77;31,80
2025/12/05 18:05:51;69,00;30,30;30,34
2025/12/05 18:10:52;69,00;31,77;30,83
2025/12/05 18:15:54;68,00;30,79;30,83
2025/12/05 18:20:55;68,00;30,30;30,34
2025/12/05 18:25:56;67,00;30,30;29,85
2025/12/05 18:30:58;67,00;30,30;29,85
2025/12/05 18:35:59;66,00;29,81;29,85
2025/12/05 18:40:30;66,00;29,81;29,36
2025/12/05 18:45:31;66,00;29,81;29,36
2025/12/05 18:50:33;66,00;29,33;28,87
2025/12/05 18:55:34;65,00;29,33;28,87
2025/12/05 19:00:35;65,00;29,33;28,87
2025/12/05 19:05:37;65,00;28,84;28,38
2025/12/05 19:10:38;65,00;28,84;28,38
2025/12/05 19:15:39;64,00;28,35;27,89
2025/12/05 19:20:40;64,00;28,35;27,89
2025/12/05 19:25:42;64,00;28,35;27,40
2025/12/05 19:30:43;63,00;27,86;27,40
2025/12/05 19:35:44;63,00;27,86;26,92
2025/12/05 19:40:46;63,00;27,37;26,92
2025/12/05 19:45:47;63,00;27,37;26,92
2025/12/05 19:50:48;62,00;27,37;26,43
2025/12/05 19:55:50;62,00;26,88;26,43
2025/12/05 20:00:51;62,00;26,88;25,94
2025/12/05 20:05:53;62,00;26,39;25,45
2025/12/05 20:10:54;62,00;26,39;24,96
2025/12/05 20:15:56;61,00;25,90;24,96
2025/12/05 20:20:57;61,00;25,90;24,96
2025/12/05 20:25:58;61,00;25,42;24,96
2025/12/05 20:30:30;61,00;25,90;24,47
2025/12/05 20:35:31;61,00;25,42;23,98
2025/12/05 20:40:33;60,00;24,93;23,49
2025/12/05 20:45:34;60,00;24,44;23,49
2025/12/05 20:50:36;60,00;24,44;23,01
2025/12/05 20:55:37;60,00;24,44;23,01
2025/12/05 21:00:39;60,00;24,44;23,01
2025/12/05 21:05:40;60,00;24,44;23,01
2025/12/05 21:10:41;59,00;23,95;23,01
2025/12/05 21:15:43;59,00;23,95;23,01
2025/12/05 21:20:44;59,00;23,46;23,01
2025/12/05 21:25:46;59,00;23,95;23,01
2025/12/05 21:30:47;58,00;23,95;23,01
2025/12/05 21:35:49;58,00;24,44;23,01
2025/12/05 21:40:50;58,00;24,93;23,49
2025/12/05 21:45:52;58,00;24,93;23,98
2025/12/05 21:50:53;58,00;25,42;24,47
2025/12/05 21:55:55;58,00;25,90;24,96
2025/12/05 22:00:56;57,00;25,90;24,96
2025/12/05 22:05:57;57,00;25,90;24,96
2025/12/05 22:10:59;57,00;25,42;24,96
2025/12/05 22:15:30;57,00;25,42;24,96
2025/12/05 22:20:31;57,00;25,42;24,96
2025/12/05 22:25:33;57,00;25,42;24,96
2025/12/05 22:30:34;57,00;25,42;24,47
2025/12/05 22:35:35;56,00;24,93;24,47
2025/12/05 22:40:37;56,00;24,93;24,47
2025/12/05 22:45:38;56,00;24,93;24,47
2025/12/05 22:50:40;56,00;24,93;23,98
2025/12/05 22:55:41;56,00;24,93;23,98
2025/12/05 23:00:43;56,00;24,44;23,98
2025/12/05 23:05:44;56,00;24,44;23,98
2025/12/05 23:10:46;56,00;24,44;23,98
2025/12/05 23:15:47;56,00;24,44;23,98
2025/12/05 23:20:49;56,00;24,44;23,98
2025/12/05 23:25:50;56,00;24,44;23,98
2025/12/05 23:30:52;55,00;24,44;23,98
2025/12/05 23:35:53;55,00;24,44;23,49
2025/12/05 23:40:55;55,00;24,44;23,98
2025/12/05 23:45:56;55,00;24,44;23,49
2025/12/05 23:50:58;55,00;24,44;23,49
2025/12/05 23:55:59;54,00;23,95;23,49
2025/12/06 00:00:30;55,00;23,95;23,49
2025/12/06 00:05:32;54,00;23,95;23,49
2025/12/06 00:10:33;54,00;23,95;23,49
2025/12/06 00:15:35;54,00;23,95;23,01
2025/12/06 00:20:36;55,00;23,95;23,49
2025/12/06 00:25:38;54,00;23,46;23,01
2025/12/06 00:30:39;53,00;23,46;23,01
2025/12/06 00:35:41;54,00;23,46;23,01
2025/12/06 00:40:42;54,00;23,46;23,01
2025/12/06 00:45:43;53,00;23,46;23,01
2025/12/06 00:50:45;53,00;23,46;22,52
2025/12/06 00:55:47;53,00;23,46;22,52
2025/12/06 01:00:48;54,00;22,97;22,52
2025/12/06 01:05:50;53,00;22,97;22,52
2025/12/06 01:10:51;53,00;23,46;22,52
2025/12/06 01:15:53;53,00;22,97;22,52
2025/12/06 01:20:54;53,00;22,97;22,52
2025/12/06 01:25:56;53,00;22,97;22,03
2025/12/06 01:30:57;53,00;22,97;22,03
2025/12/06 01:35:59;53,00;22,97;22,03
2025/12/06 01:40:30;53,00;22,97;22,03
2025/12/06 01:45:32;52,00;22,97;22,03
2025/12/06 01:50:34;52,00;22,48;22,03
2025/12/06 01:55:35;52,00;22,48;21,54
2025/12/06 02:00:36;52,00;22,48;22,03
2025/12/06 02:05:38;52,00;22,48;22,03
2025/12/06 02:10:39;52,00;22,48;21,54
2025/12/06 02:15:41;52,00;22,48;21,54
2025/12/06 02:20:42;52,00;22,48;21,54
2025/12/06 02:25:44;52,00;21,99;21,54
2025/12/06 02:30:45;52,00;21,99;21,54
2025/12/06 02:35:47;52,00;21,99;21,54
2025/12/06 02:40:48;52,00;21,99;21,05
2025/12/06 02:45:50;52,00;21,99;21,05
2025/12/06 02:50:51;52,00;21,51;21,05
2025/12/06 02:55:53;52,00;21,51;21,05
2025/12/06 03:00:55;51,00;21,51;20,56
2025/12/06 03:05:56;52,00;21,51;20,56
2025/12/06 03:10:58;52,00;21,02;20,07
2025/12/06 03:15:59;51,00;21,51;20,56
2025/12/06 03:20:31;51,00;21,51;21,05
2025/12/06 03:25:32;51,00;21,99;21,05
2025/12/06 03:30:34;51,00;21,99;21,05
2025/12/06 03:35:35;51,00;21,99;21,05
2025/12/06 03:40:37;51,00;21,99;21,05
2025/12/06 03:45:38;51,00;21,99;21,05
2025/12/06 03:50:40;51,00;21,51;21,05
2025/12/06 03:55:41;51,00;21,51;21,05
2025/12/06 04:00:43;51,00;21,51;21,05
2025/12/06 04:05:44;50,00;21,51;21,05
2025/12/06 04:10:46;50,00;21,51;21,05
2025/12/06 04:15:47;50,00;21,51;20,56
2025/12/06 04:20:49;50,00;21,51;21,05
2025/12/06 04:25:50;50,00;21,51;21,05
2025/12/06 04:30:52;50,00;21,99;21,05
2025/12/06 04:35:53;50,00;21,51;21,05
2025/12/06 04:40:55;49,00;21,51;20,07
2025/12/06 04:45:56;50,00;21,99;21,05
2025/12/06 04:50:58;50,00;21,99;21,54
2025/12/06 04:55:59;50,00;21,99;21,54
2025/12/06 05:00:31;50,00;21,99;21,54
2025/12/06 05:05:32;50,00;21,99;21,54
2025/12/06 05:10:34;50,00;21,99;21,54
2025/12/06 05:15:35;50,00;21,99;21,54
2025/12/06 05:20:37;50,00;21,99;21,54
2025/12/06 05:25:38;50,00;21,99;21,05
2025/12/06 05:30:40;50,00;21,99;21,54
2025/12/06 05:35:42;51,00;21,51;21,05
2025/12/06 05:40:43;50,00;21,99;21,05
2025/12/06 05:45:45;51,00;21,51;21,05
2025/12/06 05:50:46;50,00;21,51;21,05
2025/12/06 05:55:48;50,00;21,51;21,05
2025/12/06 06:00:49;50,00;21,51;21,05
2025/12/06 06:05:51;50,00;21,51;21,05
2025/12/06 06:10:52;50,00;21,51;21,05
2025/12/06 06:15:54;50,00;21,51;21,05
2025/12/06 06:20:55;50,00;21,51;21,05
2025/12/06 06:25:57;50,00;21,51;21,05
2025/12/06 06:30:58;50,00;21,51;21,05
2025/12/06 06:35:30;50,00;21,51;21,05
2025/12/06 06:40:31;50,00;21,51;21,05
2025/12/06 06:45:33;50,00;21,99;21,54
2025/12/06 06:50:35;50,00;21,99;21,54
2025/12/06 06:55:36;50,00;21,99;21,54
2025/12/06 07:00:37;50,00;21,99;21,54
2025/12/06 07:05:39;50,00;21,99;22,03
2025/12/06 07:10:40;50,00;22,48;22,03
2025/12/06 07:15:42;50,00;22,48;22,52
2025/12/06 07:20:43;50,00;22,97;28,87
2025/12/06 07:25:45;50,00;23,46;29,85
2025/12/06 07:30:46;50,00;23,46;28,87
2025/12/06 07:35:48;50,00;24,44;26,43
2025/12/06 07:40:49;50,00;25,42;26,43
2025/12/06 07:45:50;51,00;25,90;26,43
2025/12/06 07:50:51;51,00;25,90;26,92
2025/12/06 07:55:53;51,00;26,39;26,92
2025/12/06 08:00:54;51,00;26,88;27,40
2025/12/06 08:05:55;51,00;28,35;28,87
2025/12/06 08:10:56;52,00;27,37;28,38
2025/12/06 08:15:58;51,00;27,37;28,87
2025/12/06 08:20:59;52,00;28,35;29,36
2025/12/06 08:25:30;52,00;28,84;29,36
2025/12/06 08:30:31;52,00;28,84;29,36
2025/12/06 08:35:32;52,00;29,33;29,85
2025/12/06 08:40:34;53,00;29,33;30,34
2025/12/06 08:45:35;53,00;29,81;30,34
2025/12/06 08:50:36;53,00;29,81;30,83
2025/12/06 08:55:37;53,00;30,30;31,31
2025/12/06 09:00:38;54,00;30,30;30,83
2025/12/06 09:05:39;54,00;29,81;30,34
2025/12/06 09:10:40;54,00;30,30;30,83
2025/12/06 09:15:41;54,00;30,79;31,80
2025/12/06 09:20:42;55,00;29,81;30,83
2025/12/06 09:25:43;55,00;30,79;31,80
2025/12/06 09:30:44;55,00;30,79;31,80
2025/12/06 09:35:45;56,00;30,30;31,31
2025/12/06 09:40:46;56,00;29,33;29,85
2025/12/06 09:45:47;56,00;30,79;31,31
2025/12/06 09:50:49;56,00;31,28;31,80
2025/12/06 09:55:50;57,00;31,77;32,78
2025/12/06 10:00:51;57,00;31,28;32,29
2025/12/06 10:05:52;57,00;32,26;32,78
2025/12/06 10:10:53;58,00;32,26;33,27
2025/12/06 10:15:54;58,00;31,28;32,29
2025/12/06 10:20:55;58,00;31,28;31,80
2025/12/06 10:25:56;59,00;32,26;32,78
2025/12/06 10:30:58;59,00;31,28;32,29
2025/12/06 10:35:59;58,00;31,77;32,78
2025/12/06 10:40:30;59,00;30,30;30,83
2025/12/06 10:45:31;59,00;30,79;31,80
2025/12/06 10:50:32;59,00;31,77;32,78
2025/12/06 10:55:34;60,00;30,30;31,31
2025/12/06 11:00:35;60,00;31,77;32,78
2025/12/06 11:05:36;60,00;31,28;31,80
2025/12/06 11:10:37;60,00;31,28;32,29
2025/12/06 11:15:38;60,00;30,79;31,31
2025/12/06 11:20:39;60,00;30,30;30,83
2025/12/06 11:25:40;61,00;33,72;34,25
2025/12/06 11:30:42;61,00;32,75;33,27
2025/12/06 11:35:43;61,00;33,24;34,74
2025/12/06 11:40:44;62,00;32,26;34,25
2025/12/06 11:45:45;62,00;33,72;35,22
2025/12/06 11:50:46;63,00;34,21;35,71
2025/12/06 11:55:47;63,00;33,24;35,22
2025/12/06 12:00:48;64,00;33,24;35,22
2025/12/06 12:05:49;64,00;33,72;35,22
2025/12/06 12:10:50;65,00;35,19;36,20
2025/12/06 12:15:51;65,00;35,19;36,20
2025/12/06 12:20:52;65,00;33,72;35,22
2025/12/06 12:25:53;65,00;35,19;36,20
2025/12/06 12:30:55;65,00;31,77;33,27
2025/12/06 12:35:56;65,00;35,19;36,20
2025/12/06 12:40:57;65,00;36,17;37,18
2025/12/06 12:45:58;65,00;32,75;34,25
2025/12/06 12:50:59;66,00;33,72;35,71
2025/12/06 12:55:30;66,00;34,70;36,20
2025/12/06 13:00:31;66,00;34,70;37,18
2025/12/06 13:05:32;66,00;35,68;37,67
2025/12/06 13:10:33;66,00;36,17;38,16
2025/12/06 13:15:34;67,00;34,70;37,18
2025/12/06 13:20:35;67,00;32,26;33,27
2025/12/06 13:25:36;68,00;31,77;33,27
2025/12/06 13:30:38;68,00;35,19;36,20
2025/12/06 13:35:39;68,00;34,21;36,20
2025/12/06 13:40:40;68,00;32,75;34,25
2025/12/06 13:45:41;68,00;35,19;36,69
2025/12/06 13:50:42;68,00;35,19;36,69
2025/12/06 13:55:43;68,00;34,70;37,18
2025/12/06 14:00:44;69,00;36,66;38,16
2025/12/06 14:05:45;68,00;36,66;38,65
2025/12/06 14:10:46;68,00;37,15;39,62
2025/12/06 14:15:47;69,00;37,15;40,60
2025/12/06 14:20:49;69,00;35,68;38,65
2025/12/06 14:25:50;69,00;35,19;38,16
2025/12/06 14:30:51;69,00;32,26;34,25
2025/12/06 14:35:52;68,00;32,75;34,25
2025/12/06 14:40:53;68,00;33,72;35,22
2025/12/06 14:45:54;68,00;33,72;35,22
2025/12/06 14:50:55;67,00;32,75;33,76
2025/12/06 14:55:57;67,00;31,77;32,78
2025/12/06 15:00:58;66,00;34,21;35,71
2025/12/06 15:05:59;66,00;33,72;34,74
2025/12/06 15:10:30;66,00;33,24;34,25
2025/12/06 15:15:31;66,00;34,70;35,71
2025/12/06 15:20:33;66,00;33,24;34,25
2025/12/06 15:25:34;66,00;33,72;35,22
2025/12/06 15:30:35;66,00;32,75;33,76
2025/12/06 15:35:36;66,00;34,21;36,20
2025/12/06 15:40:38;66,00;35,19;37,18
2025/12/06 15:45:39;66,00;35,68;37,67
2025/12/06 15:50:40;67,00;34,70;36,20
2025/12/06 15:55:41;67,00;33,24;33,76
2025/12/06 16:00:42;66,00;34,21;35,22
2025/12/06 16:05:43;66,00;34,70;36,20
2025/12/06 16:10:45;61,00;33,72;34,74
2025/12/06 16:15:46;62,00;36,17;37,18
2025/12/06 16:20:47;64,00;37,15;38,65
2025/12/06 16:25:48;64,00;35,68;37,18
2025/12/06 16:30:49;65,00;33,24;34,25
2025/12/06 16:35:51;62,00;33,72;34,25
2025/12/06 16:40:52;64,00;32,26;33,76
2025/12/06 16:45:53;63,00;32,75;33,76
2025/12/06 16:50:54;61,00;32,75;33,76
2025/12/06 16:55:56;60,00;32,75;33,27
2025/12/06 17:00:57;61,00;32,26;32,78
2025/12/06 17:05:58;59,00;32,26;32,29
2025/12/06 17:10:59;63,00;32,26;32,29
2025/12/06 17:15:30;62,00;32,26;32,29
2025/12/06 17:20:32;62,00;32,26;31,80
2025/12/06 17:25:33;62,00;31,77;31,31
2025/12/06 17:30:34;58,00;31,77;31,31
2025/12/06 17:35:35;58,00;31,77;31,80
2025/12/06 17:40:37;57,00;31,77;31,31
2025/12/06 17:45:38;57,00;31,77;31,31
2025/12/06 17:50:39;57,00;32,75;32,29
2025/12/06 17:55:41;57,00;32,75;32,29
2025/12/06 18:00:42;57,00;32,26;31,80
2025/12/06 18:05:43;57,00;31,77;31,31
2025/12/06 18:10:44;57,00;31,28;30,83
2025/12/06 18:15:46;57,00;31,28;30,34
2025/12/06 18:20:47;56,00;30,79;30,34
2025/12/06 18:25:48;56,00;30,79;29,85
2025/12/06 18:30:49;56,00;30,30;29,85
2025/12/06 18:35:51;56,00;30,79;30,34
2025/12/06 18:40:52;55,00;30,79;30,34
2025/12/06 18:45:53;55,00;30,79;30,34
2025/12/06 18:50:55;55,00;30,30;29,85
2025/12/06 18:55:56;55,00;30,30;29,36
2025/12/06 19:00:57;55,00;30,30;29,36
2025/12/06 19:05:59;54,00;29,81;28,87
2025/12/06 19:10:30;53,00;29,81;28,87
2025/12/06 19:15:31;54,00;29,33;28,87
2025/12/06 19:20:32;53,00;29,33;28,38
2025/12/06 19:25:34;53,00;29,33;28,38
2025/12/06 19:30:35;54,00;29,33;27,89
2025/12/06 19:35:36;53,00;28,84;27,89
2025/12/06 19:40:38;54,00;28,84;27,40
2025/12/06 19:45:39;53,00;28,35;27,40
2025/12/06 19:50:41;54,00;28,35;27,40
2025/12/06 19:55:42;53,00;27,86;26,92
2025/12/06 20:00:44;52,00;27,86;26,43
2025/12/06 20:05:45;52,00;27,37;26,43
2025/12/06 20:10:46;52,00;27,37;25,94
2025/12/06 20:15:48;52,00;26,88;25,45
2025/12/06 20:20:49;52,00;26,88;25,45
2025/12/06 20:25:51;52,00;26,88;25,45
2025/12/06 20:30:52;52,00;26,88;25,45
2025/12/06 20:35:54;51,00;26,39;24,96
2025/12/06 20:40:55;51,00;25,90;24,96
2025/12/06 20:45:57;51,00;25,90;24,96
2025/12/06 20:50:58;51,00;26,39;24,96
2025/12/06 20:55:59;51,00;26,39;24,96
2025/12/06 21:00:31;51,00;25,90;24,96
2025/12/06 21:05:32;50,00;25,90;24,96
2025/12/06 21:10:34;50,00;25,90;24,96
2025/12/06 21:15:35;50,00;25,90;24,96
2025/12/06 21:20:37;50,00;25,90;24,96
2025/12/06 21:25:38;50,00;25,90;24,96
2025/12/06 21:30:40;49,00;25,90;24,47
2025/12/06 21:35:41;51,00;25,42;24,47
2025/12/06 21:40:43;51,00;25,42;24,47
2025/12/06 21:45:44;49,00;25,42;24,47
2025/12/06 21:50:46;47,00;25,42;23,98
2025/12/06 21:55:47;49,00;25,42;23,98
2025/12/06 22:00:49;50,00;25,42;24,47
2025/12/06 22:05:50;48,00;25,42;23,98
2025/12/06 22:10:52;50,00;25,42;24,47
2025/12/06 22:15:53;48,00;25,42;23,98
2025/12/06 22:20:54;49,00;25,42;23,98
2025/12/06 22:25:56;48,00;24,93;23,98
2025/12/06 22:30:58;49,00;24,93;23,98
2025/12/06 22:35:59;48,00;24,93;23,98
2025/12/06 22:40:30;50,00;24,93;23,98
2025/12/06 22:45:32;48,00;24,93;23,49
2025/12/06 22:50:34;47,00;24,44;23,49
2025/12/06 22:55:35;50,00;24,44;23,49
2025/12/06 23:00:37;51,00;24,44;23,49
2025/12/06 23:05:38;47,00;24,93;23,49
2025/12/06 23:10:39;48,00;24,93;23,49
2025/12/06 23:15:41;50,00;24,93;23,98
2025/12/06 23:20:42;50,00;24,93;23,49
2025/12/06 23:25:44;50,00;24,93;23,49
2025/12/06 23:30:45;49,00;24,93;23,49
2025/12/06 23:35:47;49,00;24,93;23,49
2025/12/06 23:40:48;48,00;24,44;23,49
2025/12/06 23:45:50;48,00;24,44;23,01
2025/12/06 23:50:51;48,00;24,44;23,01
2025/12/06 23:55:53;47,00;23,95;22,52
2025/12/07 00:00:54;47,00;23,95;22,52
2025/12/07 00:05:56;47,00;23,95;22,52
2025/12/07 00:10:57;47,00;23,95;22,52
2025/12/07 00:15:59;47,00;23,95;22,52
2025/12/07 00:20:30;45,00;23,46;22,03
2025/12/07 00:25:32;47,00;22,97;22,03
2025/12/07 00:30:33;47,00;22,97;21,54
2025/12/07 00:35:35;48,00;22,48;21,54
2025/12/07 00:40:36;47,00;22,97;21,54
2025/12/07 00:45:38;47,00;22,97;21,54
2025/12/07 00:50:39;47,00;22,97;21,54
2025/12/07 00:55:41;47,00;22,48;21,54
2025/12/07 01:00:42;47,00;22,48;22,52
2025/12/07 01:05:44;46,00;22,97;21,54
2025/12/07 01:10:46;46,00;22,48;21,05
2025/12/07 01:15:47;46,00;22,48;21,05
2025/12/07 01:20:49;45,00;22,48;21,05
2025/12/07 01:25:50;45,00;22,48;21,05
2025/12/07 01:30:52;45,00;22,48;21,05
2025/12/07 01:35:53;45,00;21,99;21,05
2025/12/07 01:40:55;44,00;21,99;21,05
2025/12/07 01:45:56;44,00;22,48;21,05
2025/12/07 01:50:58;43,00;22,48;21,05
2025/12/07 01:55:59;47,00;22,48;21,05
2025/12/07 02:00:31;47,00;22,48;21,05
2025/12/07 02:05:32;47,00;21,51;20,56
2025/12/07 02:10:34;47,00;21,99;20,56
2025/12/07 02:15:35;46,00;21,99;20,56
2025/12/07 02:20:37;46,00;21,51;20,56
2025/12/07 02:25:38;45,00;21,51;20,56
2025/12/07 02:30:40;46,00;21,51;20,56
2025/12/07 02:35:41;46,00;21,99;21,05
2025/12/07 02:40:43;45,00;21,51;20,56
2025/12/07 02:45:44;44,00;21,51;20,56
2025/12/07 02:50:46;46,00;21,51;20,56
2025/12/07 02:55:47;45,00;21,51;20,07
2025/12/07 03:00:49;45,00;21,51;20,56
2025/12/07 03:05:50;44,00;21,51;20,56
2025/12/07 03:10:52;44,00;21,51;20,56
2025/12/07 03:15:53;44,00;21,51;20,56
2025/12/07 03:20:55;44,00;21,99;21,05
2025/12/07 03:25:56;44,00;21,99;21,05
2025/12/07 03:30:58;44,00;21,51;20,56
2025/12/07 03:35:59;44,00;21,51;20,56
2025/12/07 03:40:31;44,00;21,02;20,07
2025/12/07 03:45:32;44,00;21,02;20,07
2025/12/07 03:50:34;44,00;21,02;20,07
2025/12/07 03:55:35;45,00;21,02;20,07
2025/12/07 04:00:37;44,00;21,02;20,07
2025/12/07 04:05:38;44,00;21,02;20,07
2025/12/07 04:10:40;44,00;21,51;20,56
2025/12/07 04:15:41;44,00;21,51;20,56
2025/12/07 04:20:43;43,00;21,51;20,56
2025/12/07 04:25:44;43,00;21,99;20,56
2025/12/07 04:30:46;43,00;21,51;20,56
2025/12/07 04:35:48;44,00;21,02;20,07
2025/12/07 04:40:49;44,00;21,02;20,07
2025/12/07 04:45:51;43,00;21,02;20,07
2025/12/07 04:50:52;43,00;21,51;20,56
2025/12/07 04:55:54;42,00;21,51;20,56
2025/12/07 05:00:56;44,00;21,51;20,56
2025/12/07 05:05:57;43,00;21,02;20,07
2025/12/07 05:10:59;43,00;21,02;20,07
2025/12/07 05:15:30;43,00;21,02;20,07
2025/12/07 05:20:32;43,00;20,53;19,58
2025/12/07 05:25:33;42,00;21,02;20,07
2025/12/07 05:30:35;43,00;20,53;19,58
2025/12/07 05:35:36;43,00;20,53;19,58
2025/12/07 05:40:38;43,00;20,53;19,58
2025/12/07 05:45:39;43,00;20,53;19,58
2025/12/07 05:50:41;43,00;20,04;19,10
2025/12/07 05:55:42;42,00;20,04;18,61
2025/12/07 06:00:44;42,00;20,53;19,10
2025/12/07 06:05:45;43,00;20,04;19,10
2025/12/07 06:10:47;44,00;20,53;19,58
2025/12/07 06:15:48;42,00;20,53;19,58
2025/12/07 06:20:50;42,00;20,04;19,10
2025/12/07 06:25:51;42,00;20,04;19,10
2025/12/07 06:30:53;42,00;20,53;19,10
2025/12/07 06:35:55;43,00;20,04;19,10
2025/12/07 06:40:56;43,00;20,04;19,10
2025/12/07 06:45:58;42,00;20,04;19,10
2025/12/07 06:50:59;43,00;20,04;19,58
2025/12/07 06:55:31;42,00;20,53;19,58
2025/12/07 07:00:32;42,00;21,02;20,07
2025/12/07 07:05:34;42,00;21,02;20,07
2025/12/07 07:10:36;42,00;21,02;20,07
2025/12/07 07:15:37;42,00;21,02;20,07
2025/12/07 07:20:39;42,00;21,02;20,07
2025/12/07 07:25:40;42,00;21,51;23,98
2025/12/07 07:30:42;42,00;22,48;27,40
2025/12/07 07:35:43;43,00;22,97;26,43
2025/12/07 07:40:45;42,00;23,46;24,96
2025/12/07 07:45:46;43,00;24,44;25,45
2025/12/07 07:50:48;43,00;25,42;25,94
2025/12/07 07:55:49;43,00;26,88;27,40
2025/12/07 08:00:50;43,00;27,37;27,89
2025/12/07 08:05:51;42,00;28,35;28,87
2025/12/07 08:10:53;43,00;28,35;28,87
2025/12/07 08:15:54;43,00;26,88;27,40
2025/12/07 08:20:55;43,00;26,88;27,89
2025/12/07 08:25:56;43,00;27,86;28,87
2025/12/07 08:30:58;43,00;27,86;28,87
2025/12/07 08:35:59;43,00;28,35;29,36
2025/12/07 08:40:30;44,00;30,30;30,34
2025/12/07 08:45:31;44,00;30,30;30,83
2025/12/07 08:50:32;44,00;30,79;31,80
2025/12/07 08:55:33;44,00;30,79;31,31
2025/12/07 09:00:34;44,00;30,79;31,31
2025/12/07 09:05:35;45,00;31,28;31,31
2025/12/07 09:10:36;44,00;31,77;32,29
2025/12/07 09:15:37;45,00;32,26;32,78
2025/12/07 09:20:38;45,00;32,26;33,27
2025/12/07 09:25:39;46,00;32,26;33,76
2025/12/07 09:30:40;46,00;31,28;34,25
2025/12/07 09:35:41;46,00;32,75;33,27
2025/12/07 09:40:42;47,00;32,75;34,25
2025/12/07 09:45:43;47,00;32,75;33,76
2025/12/07 09:50:44;47,00;32,75;34,74
2025/12/07 09:55:45;47,00;32,75;34,25
2025/12/07 10:00:46;46,00;32,26;32,78
2025/12/07 10:05:47;48,00;32,26;32,78
2025/12/07 10:10:48;48,00;33,24;34,74
2025/12/07 10:15:49;48,00;33,24;34,25
2025/12/07 10:20:50;49,00;33,72;35,22
2025/12/07 10:25:51;49,00;34,21;34,74
2025/12/07 10:30:52;49,00;33,72;34,25
2025/12/07 10:35:53;49,00;34,21;35,22
2025/12/07 10:40:54;50,00;33,72;34,74
2025/12/07 10:45:55;50,00;34,70;35,22
2025/12/07 10:50:56;50,00;33,72;35,22
2025/12/07 10:55:57;50,00;32,75;34,25
2025/12/07 11:00:58;50,00;33,24;34,25
2025/12/07 11:05:59;50,00;33,24;34,74
2025/12/07 11:10:30;50,00;34,21;35,71
2025/12/07 11:15:31;51,00;32,26;33,76
2025/12/07 11:20:32;51,00;31,28;32,78
2025/12/07 11:25:33;51,00;33,24;34,74
2025/12/07 11:30:35;51,00;31,28;32,78
2025/12/07 11:35:36;51,00;30,79;32,29
2025/12/07 11:40:37;50,00;30,30;31,80
2025/12/07 11:45:38;50,00;30,79;31,80
2025/12/07 11:50:40;50,00;31,28;32,78
2025/12/07 11:55:41;50,00;31,28;32,29
2025/12/07 12:00:42;49,00;31,77;32,78
2025/12/07 12:05:43;50,00;31,77;32,78
2025/12/07 12:10:44;50,00;31,77;33,27
2025/12/07 12:15:45;50,00;32,75;33,76
2025/12/07 12:20:47;50,00;33,72;34,25
2025/12/07 12:25:48;51,00;33,24;33,76
2025/12/07 12:30:49;51,00;34,70;35,22
2025/12/07 12:35:50;51,00;35,19;36,20
2025/12/07 12:40:51;52,00;35,68;36,69
2025/12/07 12:45:52;53,00;35,68;37,18
2025/12/07 12:50:53;53,00;34,21;35,22
2025/12/07 12:55:54;53,00;35,68;36,20
2025/12/07 13:00:55;53,00;35,19;36,69
2025/12/07 13:05:57;54,00;35,19;36,20
2025/12/07 13:10:58;53,00;35,19;36,69
2025/12/07 13:15:59;54,00;36,66;38,16
2025/12/07 13:20:30;54,00;35,68;37,67
2025/12/07 13:25:31;54,00;33,24;34,74
2025/12/07 13:30:32;54,00;33,24;34,25
2025/12/07 13:35:33;53,00;33,72;36,69
2025/12/07 13:40:34;54,00;33,24;34,74
2025/12/07 13:45:35;54,00;33,24;34,74
2025/12/07 13:50:36;52,00;35,19;36,69
2025/12/07 13:55:37;53,00;36,17;37,67
2025/12/07 14:00:38;53,00;34,21;35,71
2025/12/07 14:05:39;54,00;35,19;36,69
2025/12/07 14:10:41;54,00;36,66;38,65
2025/12/07 14:15:42;54,00;37,63;39,13
2025/12/07 14:20:43;54,00;35,68;37,67
2025/12/07 14:25:44;54,00;34,21;36,20
2025/12/07 14:30:45;54,00;33,24;35,22
2025/12/07 14:35:46;53,00;32,75;33,76
2025/12/07 14:40:47;53,00;33,72;35,22
2025/12/07 14:45:49;53,00;35,19;36,69
2025/12/07 14:50:50;53,00;34,70;36,69
2025/12/07 14:55:51;53,00;34,70;36,20
2025/12/07 15:00:52;53,00;35,19;36,20
2025/12/07 15:05:53;53,00;35,68;37,18
2025/12/07 15:10:55;53,00;33,72;34,74
2025/12/07 15:15:56;43,00;33,24;34,25
2025/12/07 15:20:57;51,00;32,75;33,76
2025/12/07 15:25:58;50,00;32,75;33,76
2025/12/07 15:30:59;50,00;32,75;33,27
2025/12/07 15:35:30;49,00;32,26;32,29
2025/12/07 15:40:32;49,00;32,26;32,29
2025/12/07 15:45:33;49,00;32,26;32,78
2025/12/07 15:50:34;48,00;32,75;32,78
2025/12/07 15:55:35;48,00;32,26;31,80
2025/12/07 16:00:36;47,00;31,77;31,80
2025/12/07 16:05:37;47,00;31,28;31,31
2025/12/07 16:10:39;46,00;30,79;30,83
2025/12/07 16:15:40;47,00;30,79;30,34
2025/12/07 16:20:41;48,00;30,79;30,34
2025/12/07 16:25:43;48,00;30,79;30,34
2025/12/07 16:30:44;47,00;30,30;29,85
2025/12/07 16:35:45;46,00;30,30;29,85
2025/12/07 16:40:46;44,00;30,30;29,85
2025/12/07 16:45:48;44,00;30,30;29,85
2025/12/07 16:50:49;46,00;29,81;29,36
2025/12/07 16:55:50;46,00;29,81;28,87
2025/12/07 17:00:51;46,00;29,81;28,87
2025/12/07 17:05:53;46,00;29,33;28,38
2025/12/07 17:10:54;45,00;28,84;28,38
2025/12/07 17:15:55;45,00;28,84;28,38
2025/12/07 17:20:56;43,00;28,35;27,89
2025/12/07 17:25:58;45,00;28,35;27,89
2025/12/07 17:30:59;45,00;28,35;27,89
2025/12/07 17:35:30;44,00;28,84;27,89
2025/12/07 17:40:32;45,00;28,35;27,89
2025/12/07 17:45:33;44,00;28,35;27,40
2025/12/07 17:50:35;44,00;27,86;27,40
2025/12/07 17:55:36;44,00;27,86;26,92
2025/12/07 18:00:38;44,00;27,86;26,92
2025/12/07 18:05:39;44,00;27,37;26,43
2025/12/07 18:10:40;44,00;27,37;26,43
2025/12/07 18:15:42;43,00;27,37;26,43
2025/12/07 18:20:43;43,00;27,37;26,43
2025/12/07 18:25:44;44,00;27,37;26,43
2025/12/07 18:30:46;44,00;27,37;26,43
2025/12/07 18:35:47;43,00;26,88;25,94
2025/12/07 18:40:48;43,00;26,88;25,94
2025/12/07 18:45:50;43,00;27,37;25,94
2025/12/07 18:50:51;43,00;27,37;25,94
2025/12/07 18:55:52;43,00;26,88;25,94
2025/12/07 19:00:54;43,00;26,88;25,94
2025/12/07 19:05:55;41,00;26,88;25,94
2025/12/07 19:10:57;40,00;26,88;25,45
2025/12/07 19:15:58;43,00;26,39;25,45
2025/12/07 19:20:59;42,00;26,39;24,96
2025/12/07 19:25:30;43,00;26,39;24,96
2025/12/07 19:30:32;42,00;26,39;24,96
2025/12/07 19:35:33;42,00;25,90;24,96
2025/12/07 19:40:35;43,00;25,90;24,96
2025/12/07 19:45:36;43,00;26,39;24,96
2025/12/07 19:50:38;43,00;25,42;24,47
2025/12/07 19:55:39;44,00;25,42;24,47
2025/12/07 20:00:41;43,00;25,42;24,47
2025/12/07 20:05:42;43,00;25,42;24,47
2025/12/07 20:10:43;43,00;25,42;24,47
2025/12/07 20:15:45;42,00;25,42;24,47
2025/12/07 20:20:46;43,00;25,42;24,47
2025/12/07 20:25:48;43,00;25,42;24,47
2025/12/07 20:30:49;42,00;25,42;23,98
2025/12/07 20:35:51;42,00;24,93;23,98
2025/12/07 20:40:52;41,00;25,42;23,98
2025/12/07 20:45:54;41,00;25,42;23,98
2025/12/07 20:50:55;41,00;24,93;23,98
2025/12/07 20:55:56;41,00;25,42;24,47
2025/12/07 21:00:58;40,00;25,42;24,47
2025/12/07 21:05:59;41,00;25,42;24,47
2025/12/07 21:10:30;42,00;25,90;24,47
2025/12/07 21:15:32;39,00;25,42;24,47
2025/12/07 21:20:33;43,00;31,77;30,83
2025/12/07 21:25:35;43,00;25,90;24,96
2025/12/07 21:30:36;43,00;25,42;24,47
2025/12/07 21:35:38;43,00;25,42;24,47
2025/12/07 21:40:39;42,00;25,42;24,47
2025/12/07 21:45:41;41,00;25,42;24,47
2025/12/07 21:50:42;41,00;25,42;24,47
2025/12/07 21:55:44;42,00;24,93;24,47
2025/12/07 22:00:45;42,00;25,42;24,47
2025/12/07 22:05:47;41,00;24,93;24,47
2025/12/07 22:10:48;42,00;24,93;23,98
2025/12/07 22:15:49;42,00;24,93;23,98
2025/12/07 22:20:51;40,00;24,93;23,98
2025/12/07 22:25:52;42,00;24,93;23,98
2025/12/07 22:30:54;41,00;24,93;23,98
2025/12/07 22:35:55;41,00;24,44;23,98
2025/12/07 22:40:57;41,00;24,44;23,98
2025/12/07 22:45:58;41,00;24,44;23,98
2025/12/07 22:55:31;40,00;24,44;23,49
2025/12/07 23:00:32;40,00;24,44;23,49
2025/12/07 23:05:34;41,00;24,44;23,49
2025/12/07 23:10:35;40,00;23,95;23,01
2025/12/07 23:15:37;39,00;23,95;23,01
2025/12/07 23:20:38;40,00;23,95;23,49
2025/12/07 23:25:40;40,00;24,44;23,98
2025/12/07 23:30:41;39,00;24,93;23,98
2025/12/07 23:35:43;41,00;24,93;23,98
2025/12/07 23:40:44;41,00;24,44;23,49
2025/12/07 23:45:46;40,00;24,44;23,98
2025/12/07 23:50:47;40,00;24,93;23,98
2025/12/07 23:55:48;40,00;24,93;23,98
2025/12/08 00:00:50;40,00;24,93;23,98
2025/12/08 00:05:51;40,00;24,93;23,98
2025/12/08 00:10:53;39,00;24,93;23,98
2025/12/08 00:15:54;39,00;24,93;23,98
2025/12/08 00:20:56;38,00;24,93;23,98
2025/12/08 00:25:57;34,00;24,93;23,98
2025/12/08 00:30:59;36,00;24,93;23,98
2025/12/08 00:35:30;34,00;24,93;23,98
2025/12/08 00:40:32;36,00;24,93;23,98
2025/12/08 00:45:33;35,00;24,93;23,98
2025/12/08 00:50:35;35,00;24,44;23,98
2025/12/08 00:55:36;35,00;24,44;23,98
2025/12/08 01:00:37;37,00;24,44;23,98
2025/12/08 01:05:39;37,00;24,44;23,98
2025/12/08 01:10:40;37,00;23,95;23,01
2025/12/08 01:15:42;36,00;24,44;23,49
2025/12/08 01:20:44;36,00;24,44;23,49
2025/12/08 01:25:45;37,00;23,95;23,49
2025/12/08 01:30:46;37,00;23,95;23,49
2025/12/08 01:35:48;35,00;23,95;23,49
2025/12/08 01:40:49;35,00;23,95;23,49
2025/12/08 01:45:51;34,00;23,95;23,01
2025/12/08 01:50:52;34,00;23,95;23,01
2025/12/08 01:55:54;34,00;23,95;23,01
2025/12/08 02:00:55;33,00;23,46;23,01
2025/12/08 02:05:57;31,00;23,46;22,52
2025/12/08 02:10:58;32,00;23,46;22,52
2025/12/08 02:15:30;33,00;23,46;22,03
2025/12/08 02:20:31;31,00;23,46;22,52
2025/12/08 02:25:33;34,00;22,97;22,52
2025/12/08 02:30:34;34,00;22,97;22,03
2025/12/08 02:35:36;35,00;22,48;21,54
2025/12/08 02:40:37;34,00;22,97;22,03
2025/12/08 02:45:39;34,00;22,48;21,54
2025/12/08 02:50:40;34,00;22,97;21,54
2025/12/08 02:55:42;32,00;22,48;21,54
2025/12/08 03:00:44;33,00;22,48;21,54
2025/12/08 03:05:45;34,00;22,48;21,54
2025/12/08 03:10:47;34,00;22,48;21,54
2025/12/08 03:15:48;33,00;21,99;21,05
2025/12/08 03:20:50;33,00;21,99;21,05
2025/12/08 03:25:51;33,00;21,99;21,05
2025/12/08 03:30:53;33,00;21,99;21,05
2025/12/08 03:35:54;33,00;21,99;21,05
2025/12/08 03:40:56;33,00;21,99;21,05
2025/12/08 03:45:57;32,00;21,99;21,05
2025/12/08 03:50:59;32,00;22,97;22,03
2025/12/08 03:55:30;32,00;22,97;22,52
2025/12/08 04:00:32;31,00;22,97;23,01
2025/12/08 04:05:33;31,00;22,97;22,52
2025/12/08 04:10:35;32,00;22,97;22,52
2025/12/08 04:15:36;31,00;22,97;22,52
2025/12/08 04:20:37;32,00;22,97;22,52
2025/12/08 04:25:39;32,00;22,97;22,52
2025/12/08 04:30:40;31,00;22,97;22,03
2025/12/08 04:35:42;31,00;22,97;22,03
2025/12/08 04:40:43;31,00;22,48;22,03
2025/12/08 04:45:45;30,00;22,48;22,03
2025/12/08 04:50:46;31,00;22,48;21,54
2025/12/08 04:55:48;31,00;22,48;21,54
2025/12/08 05:00:50;32,00;22,48;21,54
2025/12/08 05:05:51;32,00;22,48;21,54
2025/12/08 05:10:53;33,00;22,48;21,54
2025/12/08 05:15:54;33,00;22,48;21,54
2025/12/08 05:20:56;32,00;21,99;21,54
2025/12/08 05:25:57;32,00;22,48;21,54
2025/12/08 05:30:59;33,00;22,48;21,54
2025/12/08 05:35:30;33,00;22,48;21,54
2025/12/08 05:40:32;33,00;22,48;21,54
2025/12/08 05:45:33;33,00;22,48;21,54
2025/12/08 05:50:35;33,00;21,99;21,54
2025/12/08 05:55:36;33,00;21,99;21,05
2025/12/08 06:00:38;33,00;21,51;21,05
2025/12/08 06:05:39;33,00;21,51;21,05
2025/12/08 06:10:41;32,00;21,99;21,05
2025/12/08 06:15:42;32,00;21,51;21,05
2025/12/08 06:20:44;32,00;21,02;20,56
2025/12/08 06:25:45;31,00;21,51;20,56
2025/12/08 06:30:47;32,00;21,51;20,56
2025/12/08 06:35:48;32,00;21,02;20,56
2025/12/08 06:40:50;32,00;21,02;20,56
2025/12/08 06:45:51;32,00;21,02;20,56
2025/12/08 06:50:53;31,00;21,51;20,56
2025/12/08 06:55:54;32,00;21,99;21,05
2025/12/08 07:00:56;32,00;21,51;21,05
2025/12/08 07:05:58;31,00;21,51;21,05
2025/12/08 07:10:59;31,00;21,99;21,05
2025/12/08 07:15:30;32,00;22,48;22,03
2025/12/08 07:20:32;31,00;22,97;22,03
2025/12/08 07:25:34;31,00;22,97;22,52
2025/12/08 07:30:35;31,00;23,46;22,52
2025/12/08 07:35:37;31,00;23,46;23,01
2025/12/08 07:40:38;31,00;23,46;23,01
2025/12/08 07:45:39;31,00;23,95;23,49
2025/12/08 07:50:41;30,00;24,44;24,47
2025/12/08 07:55:42;31,00;25,90;25,94
2025/12/08 08:00:44;31,00;25,90;26,43
2025/12/08 08:05:45;31,00;25,90;26,43
2025/12/08 08:10:46;31,00;25,90;26,43
2025/12/08 09:25:56;18,00;34,21;34,74
2025/12/08 09:30:58;36,00;29,81;29,85
2025/12/08 09:35:59;38,00;29,33;29,36
2025/12/08 09:40:30;38,00;28,84;29,36
2025/12/08 09:45:31;36,00;28,84;29,36
2025/12/08 09:50:32;36,00;28,35;29,36
2025/12/08 09:55:34;35,00;28,84;29,36
2025/12/08 10:00:35;35,00;29,33;29,85
2025/12/08 10:05:36;33,00;28,84;29,85
2025/12/08 10:10:37;36,00;29,33;29,85
2025/12/08 10:15:39;34,00;28,84;29,85
2025/12/08 10:20:40;34,00;28,84;29,36
2025/12/08 10:25:41;33,00;29,33;29,85
2025/12/08 10:30:43;33,00;28,35;29,36
2025/12/08 10:35:44;34,00;28,35;29,85
2025/12/08 10:40:46;34,00;28,35;29,36
2025/12/08 10:45:47;35,00;28,35;28,87
2025/12/08 10:50:49;35,00;28,35;28,87
2025/12/08 10:55:50;34,00;27,86;29,36
2025/12/08 11:00:52;33,00;28,84;29,85
2025/12/08 11:05:54;33,00;28,84;29,85
2025/12/08 11:10:55;33,00;29,33;30,34
2025/12/08 11:15:57;33,00;30,30;31,80
2025/12/08 11:20:58;34,00;30,30;31,80
2025/12/08 11:25:30;35,00;29,81;30,34
2025/12/08 11:30:31;35,00;28,84;29,85
2025/12/08 11:35:33;34,00;28,84;29,85
2025/12/08 11:40:34;33,00;29,81;31,31
2025/12/08 11:45:36;32,00;30,30;32,29
2025/12/08 11:50:37;34,00;30,30;31,31
2025/12/08 11:55:39;34,00;29,81;30,83
2025/12/08 12:00:40;33,00;29,81;30,83
2025/12/08 12:05:42;34,00;29,81;31,31
2025/12/08 12:10:43;35,00;29,81;30,83
2025/12/08 12:15:45;38,00;29,33;30,34
2025/12/08 12:20:46;34,00;30,79;31,80
2025/12/08 12:25:48;37,00;31,28;31,80
2025/12/08 12:30:49;37,00;31,77;32,29
2025/12/08 12:35:51;35,00;32,26;33,27
2025/12/08 12:40:52;37,00;32,75;33,76
2025/12/08 12:45:53;37,00;33,24;34,74
2025/12/08 12:50:55;37,00;32,75;34,74
2025/12/08 12:55:56;37,00;32,75;34,25
2025/12/08 13:00:58;38,00;31,28;32,29
2025/12/08 13:05:59;38,00;30,79;32,29
2025/12/08 13:10:31;37,00;30,79;32,29
2025/12/08 13:15:32;37,00;30,30;31,80
2025/12/08 13:20:34;37,00;30,30;31,31
2025/12/08 13:25:35;34,00;31,28;31,80
2025/12/08 13:30:37;33,00;30,30;30,83
2025/12/08 13:35:38;33,00;31,77;32,78
2025/12/08 13:40:39;32,00;33,24;34,25
2025/12/08 13:45:41;36,00;34,70;36,20
2025/12/08 13:50:42;35,00;34,21;36,20
2025/12/08 13:55:44;36,00;34,21;36,20
2025/12/08 14:00:45;33,00;34,21;36,20
2025/12/08 14:05:46;32,00;33,24;35,22
2025/12/08 14:10:48;35,00;33,24;34,74
2025/12/08 14:15:49;35,00;35,68;37,67
2025/12/08 14:20:51;35,00;33,72;35,71
2025/12/08 14:25:52;39,00;32,26;33,76
2025/12/08 14:30:53;34,00;36,17;38,16
2025/12/08 14:35:55;35,00;33,24;35,71
2025/12/08 14:40:56;38,00;34,70;37,18
2025/12/08 14:45:58;37,00;34,21;35,71
2025/12/08 14:50:59;36,00;32,75;34,25
2025/12/08 14:55:30;34,00;34,21;36,20
2025/12/08 15:00:32;33,00;34,70;36,20
2025/12/08 15:05:33;37,00;36,17;38,65
2025/12/08 15:10:35;34,00;36,17;39,13
2025/12/08 15:15:36;36,00;35,68;37,67
2025/12/08 15:20:37;36,00;36,17;38,65
2025/12/08 15:25:39;36,00;36,17;39,62
2025/12/08 15:30:40;36,00;36,66;39,62
2025/12/08 15:35:41;35,00;36,66;39,13
2025/12/08 15:40:43;38,00;35,68;39,13
2025/12/08 15:45:44;33,00;34,21;36,20
2025/12/08 15:50:46;33,00;32,75;34,25
2025/12/08 15:55:47;33,00;34,21;36,20
2025/12/08 16:00:49;38,00;33,24;34,25
2025/12/08 16:05:50;34,00;32,26;33,27
2025/12/08 16:10:51;36,00;32,75;33,76
2025/12/08 16:15:53;34,00;31,77;32,29
2025/12/08 16:20:54;33,00;33,24;34,25
2025/12/08 16:25:56;34,00;35,68;36,69
2025/12/08 16:30:57;35,00;33,24;34,25
2025/12/08 16:35:59;35,00;31,77;32,29
2025/12/08 16:40:30;36,00;31,28;32,29
2025/12/08 16:45:32;37,00;31,28;31,80
2025/12/08 16:50:33;36,00;31,28;31,80
2025/12/08 16:55:35;36,00;31,28;31,80
2025/12/08 17:00:36;35,00;31,28;31,80
2025/12/08 17:05:38;35,00;33,24;33,76
2025/12/08 17:10:39;35,00;32,26;32,78
2025/12/08 17:15:41;35,00;31,77;31,80
2025/12/08 17:20:42;35,00;29,33;29,36
2025/12/08 17:25:44;37,00;27,37;27,40
2025/12/08 17:30:45;35,00;26,88;26,92
2025/12/08 17:35:47;34,00;25,90;25,45
2025/12/08 17:40:49;34,00;24,93;24,47
2025/12/08 17:45:50;33,00;23,95;23,49
2025/12/08 17:50:52;78,00;23,95;23,49
2025/12/08 17:55:54;121,00;23,46;23,01
2025/12/08 18:00:55;122,00;22,97;23,01
2025/12/08 18:05:57;120,00;23,46;22,52
2025/12/08 18:10:59;120,00;22,97;22,52
2025/12/08 18:15:30;121,00;22,97;22,52
2025/12/08 18:20:32;129,00;22,97;22,03
2025/12/08 18:25:34;142,00;22,97;22,03
2025/12/08 18:30:36;125,00;23,46;22,03
2025/12/08 18:35:38;124,00;22,97;22,03
2025/12/08 18:40:39;134,00;23,46;22,03
2025/12/08 18:45:41;118,00;22,97;22,03
2025/12/08 18:50:43;131,00;23,46;22,03
2025/12/08 18:55:45;123,00;22,97;22,03
2025/12/08 19:00:46;37,00;22,97;21,54
2025/12/08 19:05:48;42,00;22,97;21,54
2025/12/08 19:10:50;46,00;22,97;21,54
2025/12/08 19:15:52;44,00;22,97;21,54
2025/12/08 19:20:53;44,00;22,48;21,54
2025/12/08 19:25:55;45,00;22,48;21,54
2025/12/08 19:30:57;47,00;22,48;21,54
2025/12/08 19:35:59;47,00;22,48;21,54
2025/12/08 19:40:30;48,00;22,48;21,54
2025/12/08 19:45:32;51,00;22,48;21,54
2025/12/08 19:50:34;51,00;22,48;21,54
2025/12/08 19:55:36;55,00;22,48;21,54
2025/12/08 20:00:37;55,00;21,99;21,54
2025/12/08 20:05:39;58,00;22,48;21,54
2025/12/08 20:10:41;56,00;22,48;21,54
2025/12/08 20:15:43;56,00;22,48;21,54
2025/12/08 20:20:44;59,00;22,48;21,54
2025/12/08 20:25:46;61,00;22,48;21,54
2025/12/08 20:30:48;59,00;22,48;21,54
2025/12/08 20:35:50;60,00;22,48;21,54
2025/12/08 20:40:51;60,00;22,48;21,54
2025/12/08 20:45:53;64,00;22,48;21,54
2025/12/08 20:50:55;65,00;22,48;21,54
2025/12/08 20:55:57;65,00;22,48;21,54
2025/12/08 21:00:58;64,00;22,48;21,54
2025/12/08 21:05:30;122,00;22,48;22,03
2025/12/08 21:10:32;141,00;22,97;21,54
2025/12/08 21:15:34;144,00;22,48;22,03
2025/12/08 21:20:35;131,00;22,48;22,03
2025/12/08 21:25:37;64,00;22,48;21,54
2025/12/08 21:30:39;63,00;22,48;21,54
2025/12/08 21:35:41;66,00;22,48;21,54
2025/12/08 21:40:42;62,00;22,48;21,54
2025/12/08 21:45:44;63,00;22,48;21,54
2025/12/08 21:50:46;65,00;22,48;21,54
2025/12/08 21:55:48;122,00;22,48;21,54
2025/12/08 22:00:49;140,00;22,48;22,03
2025/12/08 22:05:51;128,00;22,48;22,03
2025/12/08 22:10:53;134,00;22,48;22,03
2025/12/08 22:15:55;67,00;22,48;21,54
2025/12/08 22:20:57;71,00;21,99;21,54
2025/12/08 22:25:58;118,00;21,99;21,54
2025/12/08 22:30:30;66,00;21,99;21,54
2025/12/08 22:35:32;66,00;21,99;21,54
2025/12/08 22:40:33;65,00;21,99;21,54
2025/12/08 22:45:35;64,00;21,99;21,54
2025/12/08 22:50:37;70,00;21,51;21,54
2025/12/08 22:55:39;69,00;21,99;21,54
2025/12/08 23:00:41;75,00;21,99;21,54
2025/12/08 23:05:42;76,00;21,99;21,54
2025/12/08 23:10:44;75,00;21,99;21,54
2025/12/08 23:15:46;74,00;21,99;21,54
2025/12/08 23:20:48;75,00;21,99;21,54
2025/12/08 23:25:49;73,00;21,99;21,54
2025/12/08 23:30:51;76,00;21,99;21,54
2025/12/08 23:35:53;75,00;21,99;21,54
2025/12/08 23:40:55;73,00;21,99;21,05
2025/12/08 23:45:56;76,00;21,99;21,05
2025/12/08 23:50:58;75,00;21,51;21,05
2025/12/08 23:55:30;142,00;21,51;21,54
2025/12/09 00:00:32;133,00;21,51;21,05
2025/12/09 00:05:33;134,00;21,51;21,05
2025/12/09 00:10:35;133,00;21,51;21,05
2025/12/09 00:15:37;80,00;21,51;21,05
2025/12/09 00:20:39;76,00;21,51;21,05
2025/12/09 00:25:41;76,00;21,51;21,05
2025/12/09 00:30:42;74,00;21,51;21,05
2025/12/09 00:35:44;74,00;21,51;21,05
2025/12/09 00:40:46;74,00;21,51;21,05
2025/12/09 00:45:48;73,00;21,51;21,05
2025/12/09 00:50:50;73,00;21,51;21,05
2025/12/09 00:55:51;71,00;21,51;21,05
2025/12/09 01:00:53;74,00;21,51;21,05
2025/12/09 01:05:55;73,00;21,51;21,05
2025/12/09 01:10:57;73,00;21,51;21,05
2025/12/09 01:15:58;73,00;21,51;21,05
2025/12/09 01:20:30;73,00;21,51;21,05
2025/12/09 01:25:32;73,00;21,51;21,05
2025/12/09 01:30:34;71,00;21,51;21,05
2025/12/09 01:35:35;71,00;21,51;21,05
2025/12/09 01:40:37;70,00;21,51;21,05
2025/12/09 01:45:39;71,00;21,51;21,05
2025/12/09 01:50:41;70,00;21,02;21,05
2025/12/09 01:55:43;68,00;21,02;20,56
2025/12/09 02:00:44;69,00;21,51;21,05
2025/12/09 02:05:46;69,00;21,02;21,05
2025/12/09 02:10:48;69,00;21,02;21,05
2025/12/09 02:15:50;69,00;21,51;21,05
2025/12/09 02:20:51;68,00;21,02;21,05
2025/12/09 02:25:53;68,00;21,02;21,05
2025/12/09 02:30:55;68,00;21,02;21,05
2025/12/09 02:35:57;68,00;21,02;21,05
2025/12/09 02:40:59;68,00;21,02;21,05
2025/12/09 02:45:30;68,00;21,02;21,05
2025/12/09 02:50:32;67,00;21,02;21,05
2025/12/09 02:55:34;66,00;21,02;20,56
2025/12/09 03:00:36;67,00;21,02;21,05
2025/12/09 03:05:37;67,00;21,02;21,05
2025/12/09 03:10:39;66,00;21,02;21,05
2025/12/09 03:15:41;66,00;21,02;21,05
2025/12/09 03:20:43;66,00;21,02;21,05
2025/12/09 03:25:45;66,00;21,02;21,05
2025/12/09 03:30:46;65,00;21,02;21,05
2025/12/09 03:35:48;66,00;21,02;21,05
2025/12/09 03:40:50;65,00;21,02;21,05
2025/12/09 03:45:52;65,00;21,02;21,05
2025/12/09 03:50:54;64,00;21,02;21,05
2025/12/09 03:55:55;65,00;21,02;21,05
2025/12/09 04:00:57;65,00;21,02;21,05
2025/12/09 04:05:59;67,00;21,02;21,05
2025/12/09 04:10:31;69,00;21,02;21,05
2025/12/09 04:15:32;69,00;21,02;21,05
2025/12/09 04:20:34;68,00;21,02;21,05
2025/12/09 04:25:36;69,00;21,02;21,05
2025/12/09 04:30:38;68,00;21,02;21,05
2025/12/09 04:35:40;68,00;21,02;21,05
2025/12/09 04:40:41;67,00;21,02;21,05
2025/12/09 04:45:43;66,00;21,02;21,05
2025/12/09 04:50:45;66,00;21,02;21,05
2025/12/09 04:55:47;67,00;21,02;21,05
2025/12/09 05:00:48;66,00;21,02;21,05
2025/12/09 05:05:50;67,00;21,02;21,05
2025/12/09 05:10:52;66,00;21,02;21,05
2025/12/09 05:15:54;65,00;21,02;21,05
2025/12/09 05:20:56;66,00;22,48;21,05
2025/12/09 05:25:57;67,00;21,02;21,05
2025/12/09 05:30:59;67,00;21,02;21,05
2025/12/09 05:35:31;67,00;21,02;21,05
2025/12/09 05:40:33;66,00;21,02;21,05
2025/12/09 05:45:34;67,00;21,02;21,05
2025/12/09 05:50:36;67,00;21,02;21,05
2025/12/09 05:55:38;67,00;21,02;21,05
2025/12/09 06:00:40;67,00;21,02;21,05
2025/12/09 06:05:42;67,00;21,02;21,05
2025/12/09 06:10:43;68,00;21,02;21,05
2025/12/09 06:15:45;67,00;21,02;21,05
2025/12/09 06:20:47;67,00;21,02;21,05
2025/12/09 06:25:49;68,00;21,02;21,05
2025/12/09 06:30:51;68,00;21,02;21,05
2025/12/09 06:35:52;67,00;21,02;21,05
2025/12/09 06:40:54;66,00;21,02;21,05
2025/12/09 06:45:56;66,00;21,02;21,05
2025/12/09 06:50:58;65,00;21,02;21,05
2025/12/09 07:00:31;64,00;21,02;21,05
2025/12/09 07:05:33;65,00;21,02;21,05
2025/12/09 07:10:34;63,00;21,02;21,05
2025/12/09 07:15:36;64,00;21,02;21,05
2025/12/09 07:20:38;65,00;21,02;21,05
2025/12/09 07:25:40;65,00;21,02;21,05
2025/12/09 07:30:42;65,00;21,02;21,05
2025/12/09 07:35:43;64,00;21,02;21,05
2025/12/09 07:40:45;65,00;21,02;21,05
2025/12/09 07:45:47;65,00;21,02;21,05
2025/12/09 07:50:49;65,00;20,53;21,05
2025/12/09 07:55:51;68,00;21,51;21,05
2025/12/09 08:00:52;66,00;21,51;21,05
2025/12/09 08:05:54;67,00;21,02;21,05
2025/12/09 08:10:56;65,00;21,51;21,05
2025/12/09 08:15:58;66,00;21,51;21,05
2025/12/09 08:20:59;65,00;21,51;21,05
2025/12/09 08:25:31;65,00;21,51;21,05
2025/12/09 08:30:33;64,00;21,51;21,54
2025/12/09 08:35:35;65,00;21,51;21,54
2025/12/09 08:40:36;64,00;21,51;21,54
2025/12/09 08:45:38;63,00;21,51;21,54
2025/12/09 08:50:40;63,00;21,51;21,54
2025/12/09 08:55:42;63,00;21,51;21,54
2025/12/09 09:00:44;63,00;21,51;21,54
2025/12/09 09:05:45;63,00;21,02;21,54
2025/12/09 09:10:47;63,00;21,51;21,54
2025/12/09 09:15:49;62,00;21,51;21,54
2025/12/09 09:20:51;61,00;21,51;21,05
2025/12/09 09:25:52;62,00;21,51;21,05
2025/12/09 09:30:54;61,00;21,51;21,54
2025/12/09 09:35:56;61,00;21,51;21,54
2025/12/09 09:40:58;61,00;21,51;21,54
2025/12/09 09:50:31;62,00;21,99;21,54
2025/12/09 09:55:33;61,00;21,51;21,54
2025/12/09 10:00:34;62,00;21,51;21,54
2025/12/09 10:05:36;62,00;21,51;21,54
2025/12/09 10:10:38;63,00;21,51;21,54
2025/12/09 10:15:40;62,00;21,51;21,54
2025/12/09 10:20:42;63,00;21,51;21,54
2025/12/09 10:25:43;62,00;21,51;21,54
2025/12/09 10:30:45;62,00;21,51;21,54
2025/12/09 10:35:47;62,00;21,51;21,54
2025/12/09 10:40:49;63,00;21,51;21,54
2025/12/09 10:45:50;61,00;21,51;21,54
2025/12/09 10:50:52;62,00;21,51;21,54
2025/12/09 10:55:54;61,00;21,51;21,54
2025/12/09 11:00:56;59,00;21,51;21,54
2025/12/09 11:05:58;60,00;21,51;21,54
2025/12/09 11:10:59;59,00;21,51;21,54
2025/12/09 11:15:31;59,00;21,51;21,54
2025/12/09 11:20:33;58,00;21,51;21,54
2025/12/09 11:25:35;59,00;21,51;21,54
2025/12/09 11:30:36;58,00;21,51;21,54
2025/12/09 11:35:38;58,00;21,51;21,54
2025/12/09 11:40:40;58,00;21,51;21,54
2025/12/09 11:45:42;60,00;21,51;21,54
2025/12/09 11:50:43;61,00;21,51;21,54
2025/12/09 11:55:45;61,00;21,51;21,54
2025/12/09 12:00:47;62,00;21,51;21,54
2025/12/09 12:05:49;62,00;21,51;21,54
2025/12/09 12:10:51;61,00;21,02;21,05
2025/12/09 12:15:52;62,00;21,02;21,05
2025/12/09 12:20:54;61,00;21,02;21,05
2025/12/09 12:25:56;60,00;21,02;21,05
2025/12/09 12:30:58;61,00;21,51;21,05
2025/12/09 12:40:31;61,00;21,51;21,05
2025/12/09 12:45:33;61,00;21,51;21,54
2025/12/09 12:50:34;60,00;21,51;21,54
2025/12/09 12:55:36;61,00;21,51;21,54
2025/12/09 13:00:38;60,00;21,51;21,54
2025/12/09 13:05:40;60,00;21,51;21,54
2025/12/09 13:10:42;59,00;21,51;21,54
2025/12/09 13:15:43;60,00;21,51;21,54
2025/12/09 13:20:45;60,00;21,51;22,03
2025/12/09 13:25:47;60,00;21,99;22,03
2025/12/09 13:30:49;59,00;21,99;22,03
2025/12/09 13:35:50;58,00;21,99;22,03
2025/12/09 13:40:52;59,00;21,99;22,03
2025/12/09 13:45:54;59,00;21,99;22,03
2025/12/09 13:50:56;60,00;21,99;22,03
2025/12/09 13:55:58;58,00;21,99;22,03
2025/12/09 14:00:59;59,00;21,99;22,03
2025/12/09 14:05:31;59,00;21,99;22,03
2025/12/09 14:10:33;59,00;21,99;22,03
2025/12/09 14:15:34;60,00;21,99;22,03
2025/12/09 14:20:36;60,00;21,99;22,03
2025/12/09 14:25:38;60,00;21,99;22,03
2025/12/09 14:30:40;61,00;21,99;22,03
2025/12/09 14:35:42;60,00;21,99;22,52
2025/12/09 14:40:43;60,00;21,99;22,52
2025/12/09 14:45:45;61,00;22,48;22,52
2025/12/09 14:50:47;61,00;21,99;22,03
2025/12/09 14:55:49;61,00;21,99;22,03
2025/12/09 15:00:50;61,00;21,99;22,03
2025/12/09 15:05:52;60,00;21,99;22,03
2025/12/09 15:10:54;60,00;21,99;22,03
2025/12/09 15:15:56;59,00;21,99;22,03
2025/12/09 15:20:57;61,00;21,99;22,03
2025/12/09 15:25:59;60,00;21,99;22,03
2025/12/09 15:30:31;58,00;21,99;22,03
2025/12/09 15:35:33;57,00;21,99;22,03
2025/12/09 15:40:34;59,00;21,99;22,03
2025/12/09 15:45:36;57,00;21,99;22,03
2025/12/09 15:50:38;58,00;21,99;22,03
2025/12/09 15:55:40;58,00;21,99;22,03
2025/12/09 16:00:41;56,00;21,99;22,03
2025/12/09 16:05:43;56,00;21,99;22,03
2025/12/09 16:10:45;56,00;21,99;22,03
2025/12/09 16:15:47;57,00;21,99;22,03
2025/12/09 16:20:49;56,00;21,99;22,03
2025/12/09 16:25:50;56,00;21,99;22,03
2025/12/09 16:30:52;57,00;21,99;22,03
2025/12/09 16:35:54;59,00;21,99;22,03
2025/12/09 16:40:56;58,00;21,99;22,03
2025/12/09 16:45:57;61,00;21,99;22,03
2025/12/09 16:50:59;57,00;21,99;22,03
2025/12/09 16:55:31;59,00;21,99;22,03
2025/12/09 17:00:33;60,00;21,99;22,03
2025/12/09 17:05:34;60,00;21,99;22,03
2025/12/09 17:10:36;59,00;21,99;22,03
2025/12/09 17:15:38;60,00;21,99;22,03
2025/12/09 17:20:40;59,00;21,99;22,03
2025/12/09 17:25:41;59,00;21,99;22,03
2025/12/09 17:30:43;58,00;21,02;22,03
2025/12/09 17:35:45;59,00;21,99;22,03
2025/12/09 17:40:47;59,00;21,99;22,03
2025/12/09 17:45:48;58,00;21,99;22,03
2025/12/09 17:50:50;57,00;21,99;22,03
2025/12/09 17:55:52;59,00;21,99;22,03
2025/12/09 18:00:54;59,00;21,99;22,03
2025/12/09 18:05:56;59,00;21,99;22,03
2025/12/09 18:10:57;56,00;21,99;22,03
2025/12/09 18:15:59;59,00;21,99;22,03
2025/12/09 18:20:31;58,00;21,99;22,03
2025/12/09 18:25:33;59,00;21,99;22,03
2025/12/09 18:30:34;58,00;21,99;22,03
2025/12/09 18:35:36;59,00;21,99;21,54
2025/12/09 18:40:38;58,00;21,99;21,54
2025/12/09 18:45:40;59,00;21,99;21,54
2025/12/09 18:50:41;59,00;21,99;21,54
2025/12/09 18:55:43;58,00;21,99;21,54
2025/12/09 19:00:45;58,00;21,51;21,54
2025/12/09 19:05:47;58,00;21,51;21,54
2025/12/09 19:10:49;58,00;21,51;21,54
2025/12/09 19:15:50;58,00;21,51;21,54
2025/12/09 19:20:52;57,00;21,51;21,54
2025/12/09 19:25:54;56,00;21,99;21,54
2025/12/09 19:30:56;56,00;21,51;21,54
2025/12/09 19:35:57;55,00;21,51;21,54
2025/12/09 19:40:59;56,00;21,51;21,54
2025/12/09 19:45:31;56,00;21,99;21,54
2025/12/09 19:50:33;56,00;21,99;21,54
2025/12/09 19:55:34;56,00;21,99;21,54
2025/12/09 20:00:36;56,00;21,99;21,54
2025/12/09 20:05:38;56,00;21,99;21,54
2025/12/09 20:10:40;55,00;21,99;22,03
2025/12/09 20:15:41;54,00;21,99;22,03
2025/12/09 20:20:43;53,00;21,99;22,03
2025/12/09 20:25:45;54,00;21,99;22,03
2025/12/09 20:30:47;52,00;21,99;22,03
2025/12/09 20:35:49;52,00;21,99;22,03
2025/12/09 20:40:50;51,00;21,99;22,03
2025/12/09 20:45:52;52,00;21,99;22,03
2025/12/09 20:50:54;52,00;21,99;22,03
2025/12/09 20:55:56;51,00;21,99;22,03
2025/12/09 21:00:57;51,00;21,99;22,03
2025/12/09 21:05:59;51,00;21,99;22,03
2025/12/09 21:10:31;51,00;21,99;22,03
2025/12/09 21:15:33;51,00;21,99;22,03
2025/12/09 21:20:34;52,00;21,99;22,03
2025/12/09 21:25:36;54,00;21,99;22,03
2025/12/09 21:30:38;54,00;21,99;22,03
2025/12/09 21:35:40;54,00;21,99;22,03
2025/12/09 21:40:42;48,00;21,99;22,03
2025/12/09 21:45:43;48,00;21,99;22,03
2025/12/09 21:50:45;54,00;21,99;22,03
2025/12/09 21:55:47;55,00;21,99;21,54
2025/12/09 22:00:49;56,00;21,99;21,54
2025/12/09 22:05:50;56,00;21,51;21,54
2025/12/09 22:10:52;56,00;21,51;21,54
2025/12/09 22:15:54;56,00;21,51;21,54
2025/12/09 22:20:56;55,00;21,51;21,54
2025/12/09 22:25:58;55,00;21,51;21,54
2025/12/09 22:30:59;54,00;21,51;21,54
2025/12/09 22:35:31;55,00;21,51;21,54
2025/12/09 22:40:33;55,00;21,51;21,54
2025/12/09 22:45:35;55,00;21,51;21,54
2025/12/09 22:50:36;55,00;21,51;21,54
2025/12/09 22:55:38;55,00;21,51;21,54
2025/12/09 23:00:40;57,00;21,51;21,54
2025/12/09 23:05:42;56,00;21,51;21,54
2025/12/09 23:10:43;63,00;21,51;21,54
2025/12/09 23:15:45;56,00;21,51;21,54
2025/12/09 23:20:47;49,00;21,51;21,54
2025/12/09 23:25:49;55,00;21,51;21,54
2025/12/09 23:30:51;56,00;21,51;21,54
2025/12/09 23:35:52;55,00;21,51;21,54
2025/12/09 23:40:54;55,00;21,51;21,54
2025/12/09 23:45:56;55,00;21,51;21,54
2025/12/09 23:50:58;54,00;21,51;21,54
2025/12/09 23:55:59;53,00;21,51;21,05
2025/12/10 00:00:31;52,00;21,51;21,05
2025/12/10 00:05:33;52,00;21,02;21,05
2025/12/10 00:10:35;52,00;21,02;21,05
2025/12/10 00:15:37;52,00;21,02;21,05
2025/12/10 00:20:38;51,00;21,02;21,05
2025/12/10 00:25:40;51,00;21,51;21,05
2025/12/10 00:30:42;50,00;21,02;21,05
2025/12/10 00:35:44;51,00;21,02;21,05
2025/12/10 00:40:46;51,00;21,02;21,05
2025/12/10 00:45:47;51,00;21,02;21,05
2025/12/10 00:50:49;49,00;21,02;21,05
2025/12/10 00:55:51;50,00;21,02;21,05
2025/12/10 01:00:53;49,00;21,02;21,05
2025/12/10 01:05:54;50,00;21,02;21,05
2025/12/10 01:10:56;49,00;21,02;21,54
2025/12/10 01:15:58;49,00;21,02;21,05
2025/12/10 01:20:30;49,00;21,02;21,05
2025/12/10 01:25:31;49,00;21,02;21,05
2025/12/10 01:30:33;49,00;21,02;21,05
2025/12/10 01:35:35;49,00;21,02;21,05
2025/12/10 01:40:37;50,00;21,02;21,05
2025/12/10 01:45:39;49,00;21,02;21,05
2025/12/10 01:50:40;49,00;21,02;21,05
2025/12/10 01:55:42;48,00;21,02;21,05
2025/12/10 02:00:44;48,00;21,51;21,05
2025/12/10 02:05:46;49,00;21,51;21,05
2025/12/10 02:10:48;48,00;21,51;21,05
2025/12/10 02:15:49;48,00;21,51;21,05
2025/12/10 02:20:51;48,00;21,51;21,54
2025/12/10 02:25:53;46,00;21,51;21,54
2025/12/10 02:30:55;48,00;21,51;21,54
2025/12/10 02:35:57;48,00;21,51;21,54
2025/12/10 02:40:58;48,00;21,51;21,54
2025/12/10 02:45:30;48,00;21,51;21,54
2025/12/10 02:50:32;47,00;21,51;21,54
2025/12/10 02:55:34;48,00;21,51;21,54
2025/12/10 03:00:35;47,00;21,51;21,54
2025/12/10 03:05:37;47,00;21,51;21,54
2025/12/10 03:10:39;47,00;21,51;21,54
2025/12/10 03:15:41;47,00;21,51;21,54
2025/12/10 03:20:42;47,00;21,51;21,54
2025/12/10 03:25:44;47,00;21,51;21,54
2025/12/10 03:30:46;48,00;21,51;21,54
2025/12/10 03:35:48;47,00;21,51;21,54
2025/12/10 03:40:50;47,00;21,51;21,54
2025/12/10 03:45:51;46,00;21,51;21,54
2025/12/10 03:50:53;46,00;21,51;21,54
2025/12/10 03:55:55;38,00;21,51;21,54
2025/12/10 04:00:57;47,00;28,35;28,38
2025/12/10 04:05:59;48,00;21,51;21,54
2025/12/10 04:10:30;48,00;21,51;21,54
2025/12/10 04:15:32;48,00;21,51;21,54
2025/12/10 04:20:34;47,00;21,51;21,54
2025/12/10 04:25:36;47,00;21,51;21,54
2025/12/10 04:30:37;47,00;21,51;21,54
2025/12/10 04:35:39;47,00;21,51;21,54
2025/12/10 04:40:41;50,00;21,51;21,54
2025/12/10 04:45:43;48,00;21,51;21,54
2025/12/10 04:50:45;48,00;21,99;21,54
2025/12/10 04:55:46;50,00;21,51;21,54
2025/12/10 05:00:48;49,00;21,51;21,54
2025/12/10 05:05:50;48,00;21,51;21,54
2025/12/10 05:10:52;50,00;21,51;21,54
2025/12/10 05:15:53;48,00;21,51;21,54
2025/12/10 05:20:55;50,00;21,51;21,54
2025/12/10 05:25:57;50,00;21,51;21,54
2025/12/10 05:30:59;50,00;21,51;21,54
2025/12/10 05:35:30;55,00;21,51;21,54
2025/12/10 05:40:32;48,00;21,51;21,54
2025/12/10 05:45:34;49,00;21,51;21,54
2025/12/10 05:50:36;50,00;21,51;21,54
2025/12/10 05:55:38;49,00;21,51;21,54
2025/12/10 06:00:39;49,00;21,51;21,54
2025/12/10 06:05:41;49,00;21,51;21,54
2025/12/10 06:10:43;54,00;21,51;21,54
2025/12/10 06:15:45;92,00;21,51;21,54
2025/12/10 06:20:46;95,00;21,51;21,54
2025/12/10 06:25:48;97,00;21,02;21,54
2025/12/10 06:30:50;97,00;21,51;21,54
2025/12/10 06:35:52;92,00;21,51;21,54
2025/12/10 06:40:54;92,00;21,51;21,54
2025/12/10 06:45:55;92,00;21,51;21,54
2025/12/10 06:50:57;89,00;20,53;21,05
2025/12/10 06:55:59;55,00;20,53;20,56
2025/12/10 07:00:31;56,00;20,53;20,56
2025/12/10 07:05:32;53,00;20,53;20,56
2025/12/10 07:10:34;52,00;20,53;20,56
2025/12/10 07:15:36;53,00;20,53;20,56
2025/12/10 07:20:38;52,00;20,53;20,56
2025/12/10 07:25:40;52,00;20,53;20,56
2025/12/10 07:30:41;51,00;20,53;20,56
2025/12/10 07:35:43;51,00;20,53;20,56
2025/12/10 07:40:45;50,00;20,53;20,56
2025/12/10 07:45:47;49,00;20,53;20,56
2025/12/10 07:50:49;50,00;20,53;21,05
2025/12/10 07:55:50;49,00;20,53;21,05
2025/12/10 08:00:52;50,00;21,02;21,05
2025/12/10 08:05:54;49,00;21,02;21,05
2025/12/10 08:10:56;48,00;21,02;21,05
2025/12/10 08:15:58;47,00;21,02;21,05
2025/12/10 08:20:59;48,00;21,02;21,54
2025/12/10 08:25:31;47,00;21,51;21,54
2025/12/10 08:30:33;47,00;21,51;21,54
2025/12/10 08:35:35;46,00;21,51;21,54
2025/12/10 08:40:36;46,00;21,51;21,54
2025/12/10 08:45:38;46,00;21,51;21,54
2025/12/10 08:50:40;46,00;21,51;21,54
2025/12/10 08:55:42;45,00;21,51;22,03
2025/12/10 09:00:43;44,00;21,51;22,03
2025/12/10 09:05:45;47,00;21,99;22,03
2025/12/10 09:10:47;45,00;21,99;22,03
2025/12/10 09:15:49;44,00;21,99;22,52
2025/12/10 09:20:51;44,00;21,99;22,52
2025/12/10 09:25:52;43,00;21,99;22,03
2025/12/10 09:30:54;43,00;21,99;22,03
2025/12/10 09:35:56;43,00;21,99;22,52
2025/12/10 09:40:58;43,00;22,48;23,01
2025/12/10 09:45:59;43,00;22,48;23,01
2025/12/10 09:50:31;43,00;22,48;23,01
2025/12/10 09:55:33;43,00;22,48;23,01
2025/12/10 10:00:34;42,00;22,48;23,01
2025/12/10 10:05:36;41,00;22,48;23,49
2025/12/10 10:10:38;43,00;22,48;23,01
2025/12/10 10:15:40;45,00;22,48;23,01
2025/12/10 10:20:42;44,00;23,46;23,98
2025/12/10 10:25:43;43,00;23,46;23,98
2025/12/10 10:30:45;43,00;23,46;23,98
2025/12/10 10:35:47;43,00;23,46;23,98
2025/12/10 10:40:48;44,00;23,46;23,49
2025/12/10 10:45:50;43,00;24,93;25,45
2025/12/10 10:50:52;42,00;25,42;26,43
2025/12/10 10:55:53;42,00;24,93;25,45
2025/12/10 11:00:55;43,00;25,42;26,43
2025/12/10 11:05:57;42,00;25,90;26,43
2025/12/10 11:10:58;42,00;25,90;26,92
2025/12/10 11:15:30;42,00;25,42;26,43
2025/12/10 11:20:31;45,00;25,42;25,94
2025/12/10 11:25:33;45,00;26,88;27,40
2025/12/10 11:30:35;44,00;26,39;27,40
2025/12/10 11:35:36;43,00;25,42;26,43
2025/12/10 11:40:38;36,00;25,42;26,43
2025/12/10 11:45:40;34,00;24,93;25,94
2025/12/10 11:50:41;34,00;24,93;25,45
2025/12/10 11:55:43;35,00;26,39;27,40
2025/12/10 12:00:44;50,00;27,86;28,87
2025/12/10 12:05:46;43,00;26,88;27,89
2025/12/10 12:10:48;36,00;27,37;28,38
2025/12/10 12:15:49;37,00;27,37;28,87
2025/12/10 12:20:51;37,00;28,35;29,85
2025/12/10 12:25:52;35,00;27,86;29,85
2025/12/10 12:30:54;41,00;25,90;27,40
2025/12/10 12:35:55;44,00;25,42;26,43
2025/12/10 12:40:57;46,00;27,86;29,36
2025/12/10 12:45:59;58,00;28,35;29,85
2025/12/10 12:50:30;47,00;27,86;28,87
2025/12/10 12:55:32;43,00;27,86;29,36
2025/12/10 13:00:33;41,00;28,84;30,34
2025/12/10 13:05:35;42,00;27,37;28,87
2025/12/10 13:10:37;52,00;28,84;30,34
2025/12/10 13:15:38;50,00;29,33;30,83
2025/12/10 13:20:40;43,00;28,84;30,34
2025/12/10 13:25:41;37,00;28,84;30,83
2025/12/10 13:30:43;40,00;29,33;31,31
2025/12/10 13:35:44;57,00;28,84;29,85
2025/12/10 13:40:46;44,00;28,84;29,85
2025/12/10 13:45:47;56,00;29,33;30,34
2025/12/10 13:50:49;45,00;28,84;30,34
2025/12/10 13:55:51;55,00;28,84;29,85
2025/12/10 14:00:52;40,00;28,35;29,85
2025/12/10 14:05:54;52,00;29,33;31,31
2025/12/10 14:10:55;44,00;30,30;31,80
2025/12/10 14:15:57;59,00;28,84;31,31
2025/12/10 14:20:58;40,00;29,33;31,80
2025/12/10 14:25:30;46,00;29,81;31,80
2025/12/10 14:30:31;40,00;30,30;31,80
2025/12/10 14:35:33;58,00;29,81;31,31
2025/12/10 14:40:34;45,00;30,30;31,80
2025/12/10 14:45:36;55,00;30,30;32,78
2025/12/10 14:50:37;39,00;29,33;31,80
2025/12/10 14:55:39;39,00;30,79;33,76
2025/12/10 15:00:40;55,00;30,79;33,76
2025/12/10 15:05:42;44,00;30,79;33,27
2025/12/10 15:10:43;44,00;30,30;33,27
2025/12/10 15:15:44;45,00;30,30;32,29
2025/12/10 15:20:46;44,00;29,81;31,31
2025/12/10 15:25:48;46,00;29,81;31,80
2025/12/10 15:30:49;42,00;28,84;30,34
2025/12/10 15:35:50;39,00;30,30;32,78
2025/12/10 15:40:52;44,00;30,79;33,27
2025/12/10 15:45:53;58,00;30,30;32,78
2025/12/10 15:50:55;54,00;30,30;31,80
2025/12/10 15:55:56;47,00;30,79;32,78
2025/12/10 16:00:58;45,00;30,30;32,29
2025/12/10 16:05:59;42,00;29,81;31,80
2025/12/10 16:10:31;47,00;30,30;31,80
2025/12/10 16:15:32;45,00;30,79;33,27
2025/12/10 16:20:33;46,00;31,77;35,22
2025/12/10 16:25:35;40,00;30,79;34,25
2025/12/10 16:30:36;44,00;30,79;33,27
2025/12/10 16:35:38;41,00;30,30;32,78
2025/12/10 16:40:39;47,00;29,33;31,31
2025/12/10 16:45:41;53,00;29,81;31,80
2025/12/10 16:50:42;52,00;30,30;33,27
2025/12/10 16:55:44;50,00;30,79;32,78
2025/12/10 17:00:45;44,00;30,30;32,29
2025/12/10 17:05:47;46,00;30,30;32,78
2025/12/10 17:10:48;40,00;30,30;32,29
2025/12/10 17:15:50;55,00;30,30;32,78
2025/12/10 17:20:51;41,00;30,79;32,29
2025/12/10 17:25:52;44,00;30,30;32,29
2025/12/10 17:30:54;45,00;29,33;30,83
2025/12/10 17:35:56;48,00;28,35;29,36
2025/12/10 17:40:57;43,00;28,35;29,85
2025/12/10 17:45:59;43,00;28,84;29,85
2025/12/10 17:50:30;43,00;29,81;31,31
2025/12/10 17:55:32;41,00;28,84;30,34
2025/12/10 18:00:33;45,00;29,33;30,34
2025/12/10 18:05:34;39,00;28,35;29,36
2025/12/10 18:10:36;39,00;27,86;28,38
2025/12/10 18:15:37;42,00;28,84;29,36
2025/12/10 18:20:39;49,00;29,33;30,34
2025/12/10 18:25:40;48,00;29,33;30,34
2025/12/10 18:30:42;47,00;29,33;30,34
2025/12/10 18:35:43;45,00;29,33;30,34
2025/12/10 18:40:45;46,00;28,84;29,85
2025/12/10 18:45:46;45,00;28,84;29,36
2025/12/10 18:50:48;46,00;28,84;28,87
2025/12/10 18:55:49;46,00;27,86;28,38
2025/12/10 19:00:50;45,00;27,37;27,89
2025/12/10 19:05:52;45,00;27,37;27,40
2025/12/10 19:10:53;43,00;26,88;27,40
2025/12/10 19:15:55;38,00;26,88;26,92
2025/12/10 19:20:56;52,00;26,88;26,43
2025/12/10 19:25:58;47,00;26,39;26,43
2025/12/10 19:30:59;43,00;26,39;25,94
2025/12/10 19:35:30;43,00;25,90;25,94
2025/12/10 19:40:32;43,00;25,90;25,94
2025/12/10 19:45:33;42,00;25,90;25,45
2025/12/10 19:50:35;42,00;25,90;25,45
2025/12/10 19:55:36;43,00;25,42;24,96
2025/12/10 20:00:38;43,00;25,42;24,96
2025/12/10 20:05:39;42,00;25,42;24,96
2025/12/10 20:10:41;41,00;24,93;24,47
2025/12/10 20:15:42;42,00;24,93;24,47
2025/12/10 20:20:44;42,00;24,93;24,47
2025/12/10 20:25:45;43,00;24,93;24,47
2025/12/10 20:30:47;43,00;24,93;23,98
2025/12/10 20:35:48;43,00;24,44;23,98
2025/12/10 20:40:50;42,00;24,44;23,98
2025/12/10 20:45:51;43,00;24,44;23,98
2025/12/10 20:50:53;42,00;24,44;23,98
2025/12/10 20:55:54;42,00;24,44;23,49
2025/12/10 21:00:56;42,00;24,44;23,49
2025/12/10 21:05:58;41,00;23,95;23,49
2025/12/10 21:15:31;40,00;23,95;23,49
2025/12/10 21:20:33;40,00;23,95;23,49
2025/12/10 21:25:34;40,00;23,95;23,49
2025/12/10 21:30:36;40,00;23,95;23,49
2025/12/10 21:35:38;40,00;23,95;23,01
2025/12/10 21:40:40;40,00;23,95;23,01
2025/12/10 21:45:41;40,00;23,95;23,01
2025/12/10 21:50:43;38,00;23,46;23,01
2025/12/10 21:55:45;39,00;23,46;23,01
2025/12/10 22:00:47;38,00;23,46;22,52
2025/12/10 22:05:48;38,00;22,97;22,52
2025/12/10 22:10:50;38,00;22,97;22,03
2025/12/10 22:15:52;38,00;22,97;22,03
2025/12/10 22:20:53;27,00;22,97;22,03
2025/12/10 22:25:55;23,00;22,48;21,54
2025/12/10 22:30:57;20,00;22,48;22,03
2025/12/10 22:35:59;30,00;22,48;21,54
2025/12/10 22:40:30;15,00;22,48;21,54
2025/12/10 22:45:32;22,00;22,48;21,05
2025/12/10 22:50:34;20,00;22,48;21,54
2025/12/10 22:55:36;19,00;21,99;21,05
2025/12/10 23:00:37;18,00;21,99;21,05
2025/12/10 23:05:39;20,00;21,99;20,56
2025/12/10 23:10:41;19,00;21,02;20,56
2025/12/10 23:15:42;30,00;21,02;20,07
2025/12/10 23:20:44;19,00;21,02;20,07
2025/12/10 23:25:46;25,00;21,02;20,07
2025/12/10 23:30:48;21,00;21,02;20,07
2025/12/10 23:35:49;17,00;20,53;19,58
2025/12/10 23:40:51;15,00;20,53;19,58
2025/12/10 23:45:53;18,00;20,53;19,58
2025/12/10 23:50:55;26,00;21,02;19,58
2025/12/10 23:55:56;27,00;20,53;19,58
2025/12/11 00:00:58;23,00;20,04;19,10
2025/12/11 00:05:30;22,00;20,04;19,10
2025/12/11 00:10:32;23,00;20,04;19,10
2025/12/11 00:15:33;30,00;20,04;19,10
2025/12/11 00:20:35;50,00;19,55;19,10
2025/12/11 00:25:37;19,00;19,55;19,10
2025/12/11 00:30:39;23,00;20,53;19,58
2025/12/11 00:35:40;18,00;20,04;19,10
2025/12/11 00:40:42;23,00;19,55;19,10
2025/12/11 00:45:44;23,00;19,55;18,61
2025/12/11 00:50:46;37,00;19,55;19,10
2025/12/11 00:55:48;18,00;19,55;18,61
2025/12/11 01:00:49;26,00;19,55;18,61
2025/12/11 01:05:51;21,00;19,55;18,61
2025/12/11 01:10:53;23,00;19,55;18,61
2025/12/11 01:15:55;22,00;19,55;18,12
2025/12/11 01:20:57;20,00;19,55;18,61
2025/12/11 01:25:58;22,00;19,55;18,61
2025/12/11 01:30:30;18,00;19,55;18,12
2025/12/11 01:35:32;23,00;19,55;18,12
2025/12/11 01:40:34;19,00;19,06;18,12
2025/12/11 01:45:35;19,00;19,06;18,12
2025/12/11 01:50:37;18,00;19,06;18,12
2025/12/11 01:55:39;18,00;19,06;18,12
2025/12/11 02:00:41;23,00;19,06;18,12
2025/12/11 02:05:43;22,00;19,55;18,61
2025/12/11 02:10:45;22,00;19,55;18,61
2025/12/11 02:15:46;21,00;19,06;18,12
2025/12/11 02:20:48;18,00;19,06;18,12
2025/12/11 02:25:50;17,00;19,06;18,12
2025/12/11 02:30:52;19,00;19,06;18,12
2025/12/11 02:35:54;18,00;19,06;18,61
2025/12/11 02:40:56;21,00;19,55;18,61
2025/12/11 02:45:57;19,00;19,55;18,61
2025/12/11 02:50:59;19,00;20,04;19,10
2025/12/11 02:55:31;19,00;20,04;19,10
2025/12/11 03:00:33;19,00;20,53;19,10
2025/12/11 03:05:35;18,00;20,53;19,58
2025/12/11 03:10:36;18,00;20,04;19,58
2025/12/11 03:15:38;18,00;20,53;19,58
2025/12/11 03:20:40;18,00;20,53;19,58
2025/12/11 03:25:42;20,00;20,53;19,58
2025/12/11 03:30:43;19,00;20,04;19,10
2025/12/11 03:35:45;20,00;20,53;19,10
2025/12/11 03:40:47;20,00;20,04;19,10
2025/12/11 03:45:49;22,00;20,04;19,10
2025/12/11 03:50:51;19,00;20,04;19,10
2025/12/11 03:55:52;18,00;20,04;19,10
2025/12/11 04:00:54;21,00;26,88;26,43
2025/12/11 04:05:56;17,00;20,04;19,10
2025/12/11 04:10:58;20,00;20,04;19,10
2025/12/11 04:15:30;25,00;19,55;18,61
2025/12/11 04:20:31;21,00;19,55;18,61
2025/12/11 04:25:33;22,00;19,55;18,61
2025/12/11 04:30:35;18,00;20,04;19,10
2025/12/11 04:35:37;20,00;20,04;19,10
2025/12/11 04:40:39;16,00;20,04;19,10
2025/12/11 04:45:40;17,00;20,04;19,10
2025/12/11 04:50:42;18,00;20,04;19,10
2025/12/11 04:55:44;16,00;20,04;19,10
2025/12/11 05:00:46;17,00;20,04;19,10
2025/12/11 05:05:48;17,00;19,55;19,10
2025/12/11 05:10:49;20,00;19,55;19,10
2025/12/11 05:15:51;18,00;19,55;19,10
2025/12/11 05:20:53;20,00;19,55;18,61
2025/12/11 05:25:55;18,00;19,55;19,10
2025/12/11 05:30:57;21,00;19,55;19,10
2025/12/11 05:35:59;19,00;20,04;19,10
2025/12/11 05:40:30;19,00;20,04;19,10
2025/12/11 05:45:32;23,00;20,04;19,10
2025/12/11 05:50:34;16,00;20,04;19,10
2025/12/11 05:55:36;19,00;20,04;19,58
2025/12/11 06:00:37;19,00;20,04;19,58
2025/12/11 06:05:39;20,00;20,04;19,58
2025/12/11 06:10:41;23,00;20,04;19,58
2025/12/11 06:15:43;24,00;20,04;20,07
2025/12/11 06:20:45;22,00;20,04;20,07
2025/12/11 06:25:46;24,00;20,04;20,07
2025/12/11 06:30:48;20,00;20,04;20,07
2025/12/11 06:35:50;23,00;20,04;20,07
2025/12/11 06:40:52;27,00;20,04;19,58
2025/12/11 06:45:54;21,00;20,04;19,58
2025/12/11 06:50:55;23,00;20,04;19,58
2025/12/11 06:55:57;17,00;20,04;20,07
2025/12/11 07:00:59;20,00;20,04;20,07
2025/12/11 07:05:31;22,00;20,04;20,07
2025/12/11 07:10:33;16,00;20,04;20,07
2025/12/11 07:15:34;16,00;20,04;20,07
2025/12/11 07:20:36;19,00;20,53;20,07
2025/12/11 07:25:38;21,00;20,53;20,07
2025/12/11 07:30:40;21,00;20,53;20,07
2025/12/11 07:35:41;19,00;20,53;20,07
2025/12/11 07:40:43;17,00;20,53;20,56
2025/12/11 07:45:45;22,00;20,53;20,56
2025/12/11 07:50:47;23,00;21,02;20,56
2025/12/11 07:55:49;21,00;21,51;21,05
2025/12/11 08:00:50;22,00;21,51;26,92
2025/12/11 08:05:52;21,00;21,51;25,45
2025/12/11 08:10:54;18,00;21,51;22,52
2025/12/11 08:15:56;22,00;21,51;22,52
2025/12/11 08:20:57;21,00;22,48;23,01
2025/12/11 08:25:59;22,00;22,97;23,98
2025/12/11 08:30:31;24,00;23,95;24,96
2025/12/11 08:35:32;19,00;23,46;24,47
2025/12/11 08:40:34;18,00;24,44;25,45
2025/12/11 08:45:36;17,00;24,93;26,43
2025/12/11 08:50:37;17,00;24,93;26,43
2025/12/11 08:55:38;23,00;24,44;25,94
2025/12/11 09:00:40;24,00;24,93;25,94
2025/12/11 09:05:41;24,00;25,42;26,43
2025/12/11 09:10:43;19,00;25,90;26,92
2025/12/11 09:15:44;19,00;26,88;27,89
2025/12/11 09:20:46;28,00;26,39;27,89
2025/12/11 09:25:47;19,00;26,88;28,38
2025/12/11 09:30:49;24,00;26,88;28,38
2025/12/11 09:35:50;19,00;27,37;28,87
2025/12/11 09:40:51;21,00;27,37;28,87
2025/12/11 09:45:53;20,00;27,86;29,36
2025/12/11 09:50:54;22,00;27,37;29,85
2025/12/11 09:55:56;20,00;27,86;29,85
2025/12/11 10:00:57;34,00;27,86;29,85
2025/12/11 10:05:58;35,00;28,35;29,85
2025/12/11 10:10:30;21,00;28,35;28,87
2025/12/11 10:15:31;20,00;28,35;29,85
2025/12/11 10:20:32;26,00;28,84;30,83
2025/12/11 10:25:34;23,00;27,86;29,85
2025/12/11 10:30:35;28,00;27,37;29,36
2025/12/11 10:35:36;21,00;28,35;30,83
2025/12/11 10:40:38;19,00;28,35;29,85
2025/12/11 10:45:39;26,00;29,81;31,31
2025/12/11 10:50:41;35,00;28,35;30,34
2025/12/11 10:55:42;31,00;28,84;31,31
2025/12/11 11:00:43;30,00;28,84;31,80
2025/12/11 11:05:45;26,00;29,33;31,80
2025/12/11 11:10:46;29,00;28,84;30,83
2025/12/11 11:15:48;23,00;29,81;32,29
2025/12/11 11:20:49;24,00;28,84;30,34
2025/12/11 11:25:50;24,00;29,81;31,80
2025/12/11 11:30:52;33,00;30,30;31,80
2025/12/11 11:35:53;24,00;31,28;32,78
2025/12/11 11:40:55;29,00;29,81;32,29
2025/12/11 11:45:56;32,00;28,35;30,83
2025/12/11 11:50:58;30,00;29,81;32,29
2025/12/11 11:55:59;29,00;30,30;32,29
2025/12/11 12:00:30;24,00;30,79;32,78
2025/12/11 12:05:32;25,00;30,79;33,27
2025/12/11 12:10:33;28,00;30,79;33,76
2025/12/11 12:15:34;31,00;29,81;32,29
2025/12/11 12:20:36;28,00;30,79;33,27
2025/12/11 12:25:37;27,00;31,28;33,76
2025/12/11 12:30:39;31,00;31,77;33,76
2025/12/11 12:35:40;26,00;31,28;33,27
2025/12/11 12:40:41;32,00;32,26;34,25
2025/12/11 12:45:43;32,00;32,26;33,76
2025/12/11 12:50:44;30,00;30,30;32,29
2025/12/11 12:55:45;32,00;30,30;31,80
2025/12/11 13:00:47;30,00;29,81;31,80
2025/12/11 13:05:48;32,00;29,81;31,80
2025/12/11 13:10:50;34,00;30,79;32,29
2025/12/11 13:15:51;28,00;29,81;31,31
2025/12/11 13:20:53;30,00;31,28;33,27
2025/12/11 13:25:54;23,00;30,79;32,29
2025/12/11 13:30:55;23,00;32,26;33,76
2025/12/11 13:35:57;23,00;30,30;31,80
2025/12/11 13:40:58;22,00;30,79;31,80
2025/12/11 13:45:30;21,00;30,30;32,29
2025/12/11 13:50:31;21,00;31,28;32,78
2025/12/11 13:55:32;21,00;31,77;34,25
2025/12/11 14:00:34;21,00;30,30;31,80
2025/12/11 14:05:35;21,00;29,81;31,31
2025/12/11 14:10:37;21,00;32,26;34,74
2025/12/11 14:15:38;22,00;32,75;35,71
2025/12/11 14:20:40;21,00;31,28;33,76
2025/12/11 14:25:41;21,00;31,77;34,25
2025/12/11 14:30:42;21,00;31,77;34,25
2025/12/11 14:35:44;21,00;30,30;33,27
2025/12/11 14:40:45;28,00;30,79;32,78
2025/12/11 14:45:47;25,00;30,79;32,78
2025/12/11 14:50:48;22,00;30,79;32,29
2025/12/11 14:55:50;20,00;31,28;34,25
2025/12/11 15:00:51;24,00;30,79;32,29
2025/12/11 15:05:52;23,00;32,75;34,25
2025/12/11 15:10:54;26,00;32,26;34,25
2025/12/11 15:15:55;24,00;31,28;32,78
2025/12/11 15:20:57;21,00;30,79;32,78
2025/12/11 15:25:58;24,00;32,75;34,74
2025/12/11 15:30:59;22,00;33,24;35,22
2025/12/11 15:35:31;23,00;31,77;33,76
2025/12/11 15:40:32;23,00;32,75;34,74
2025/12/11 15:45:34;22,00;30,79;32,29
2025/12/11 15:50:35;20,00;31,28;32,78
2025/12/11 15:55:37;21,00;32,75;35,22
2025/12/11 16:00:38;22,00;33,24;35,22
2025/12/11 16:05:39;22,00;32,75;34,74
2025/12/11 16:10:41;22,00;30,30;32,29
2025/12/11 16:15:42;22,00;32,75;35,22
2025/12/11 16:20:44;22,00;33,72;35,71
2025/12/11 16:25:45;22,00;32,26;34,74
2025/12/11 16:30:46;21,00;32,26;34,74
2025/12/11 16:35:48;22,00;33,24;36,20
2025/12/11 16:40:49;21,00;33,72;37,18
2025/12/11 16:45:51;21,00;33,24;36,20
2025/12/11 16:50:52;21,00;32,75;36,20
2025/12/11 16:55:53;21,00;33,72;36,69
2025/12/11 17:00:55;21,00;33,72;37,18
2025/12/11 17:05:56;21,00;32,75;35,22
2025/12/11 17:10:58;22,00;31,77;34,25
2025/12/11 17:15:59;21,00;32,75;35,71
2025/12/11 17:20:30;22,00;33,24;36,20
2025/12/11 17:25:32;21,00;33,24;36,20
2025/12/11 17:30:33;21,00;32,26;34,74
2025/12/11 17:35:35;21,00;33,24;35,71
2025/12/11 17:40:36;21,00;31,77;34,25
2025/12/11 17:45:38;21,00;31,77;33,76
2025/12/11 17:50:39;21,00;32,75;34,74
2025/12/11 17:55:40;20,00;33,24;35,22
2025/12/11 18:00:42;20,00;33,24;35,71
2025/12/11 18:05:43;19,00;31,28;32,29
